   1.5722021591071345     
   14.580735522654047     
   2.9206011251265984     
  -11.261034194370831     
   12.320188289541495     
  -4.5510603096067408     
  -33.657139285717093     
  -1.0827649494888338     
  -30.329117654624120     
   10.225276021667431     
   3.3071595700682432     
  -48.539371002266591     
   28.533372248637246     
  -10.507668885252201     
   15.522737088474226     
   1.2095408537523058     
   3.7642947686140973     
  -65.277622440093268     
   1.1462568295444029     
  -1.6568704876328526     
   11.371332542873736     
  -3.9854368982238553     
   21.772452111132935     
  -99.041425308700312     
  -6.7513925577328351     
  -71.383198963150662     
  -18.116495579118826     
   103.03101088826041     
 -0.88417028418028210     
  -32.035749300582410     
   42.590640289219067     
  0.19122955945336076     
  -14.032903717308134     
   27.950966999940231     
  -2.7700640344566461     
   12.148378291209875     
  -15.779393535629609     
  -3.0605386214136727     
   187.72962618001498     
   3.5588304427006796     
  -4.3533096904837238     
   3.1319800577886707     
   10.691995960364572     
 -0.26094433866632566     
   1.3200775712805499     
   93.193198355007226     
   13.433032339825299     
   6.2873595271960774     
  0.23145621594851185     
   39.984497065921438     
   3.4031482100854724     
   14.530907246859748     
  -1.2324708490774023     
  -5.3112803062442904     
   20.965444142619358     
  -22.262063359259539     
   14.076006127901522     
   1.3740856167231126     
  -59.834271801072582     
  -25.317623656113472     
  -7.4868627786145918     
  -9.4710421310735224     
  -53.498957365201122     
  -5.6281561927611214     
   7.6364540133321679     
  -16.766972817068755     
   18.941965290350225     
   123.28834789905471     
  -18.189297757247189     
  -82.127971813703766     
 -0.45887537866598738     
  -4.4777556130972753     
   16.860605096951378     
  -36.287920411956051     
   14.009977225507447     
  -38.919653600524803     
  -9.2688869176666189E-002
  -21.193234204478856     
 -0.33270465604800448     
   8.2128951184328152     
   3.3151763308783249     
   3.7444917309573311     
  -21.762290196681313     
  0.60302931061530518     
   40.795819044161462     
   5.0030403485029566     
   4.3780164825966885     
   69.919794793166602     
   71.264724035687209     
  -1.5016371455430595     
   7.8346372804301483     
  -151.47527824172684     
   5.1641819739736263     
   18.522440242473973     
  -17.073523605484109     
   12.543620892197163     
   5.4207138093493938     
   16.536927987205694     
  -18.485110427517640     
 -0.34892476802504824     
  -7.9768684864597894     
  0.10290309069011672     
  -11.960894819518465     
  -36.802297750732492     
   15.787149126965094     
   1.8218600600765926     
  -167.78229291266410     
   22.845893592280419     
   32.169723205185988     
  0.13438993377751873     
   37.619383618235680     
  -2.6600668992026222     
  -5.6995862860504483     
  -1.7342509456133017     
   28.344984256586770     
   3.3257090073975117     
   10.082566741264559     
  -33.079119476477651     
  -6.9834012929384635     
  -3.0053137715134941     
  -16.953535466372713     
   141.90906188136282     
  -17.985102845368115     
  -23.390084623257206     
   36.036469669593515     
   6.1114587546443602     
   77.526186406574539     
  -8.9963353398896757     
   42.188358455457653     
   20.637042589003485     
   2.0097502990736968     
   2.4063422150200657     
   7.2013604706540573     
  -9.1981914247617720     
  -2.5149976583812945     
  -51.471698027365903     
  -8.7505856340366908     
   13.640642900799911     
   3.4797663615954124     
  -38.422344267353203     
  -1.3025353209595991     
   28.648014249408231     
  -10.957359930251661     
  -103.78433310521002     
   25.128487893037065     
   37.107507971391634     
  0.21618686637204304     
  -133.86135743336425     
  -131.54349378014319     
   1.9157584772463052     
   16.078827487835369     
  -16.867919567723160     
   27.719553938261743     
   67.259083424848598     
  -9.6296782180897171     
   21.776069586605942     
   3.7860006705026268     
   24.496945097399458     
  0.66658414402872146     
  -18.829185090377621     
   26.728796650151697     
   15.098911502937078     
   21.333379632333912     
   10.702570529848970     
   32.909779888586385     
  -1.6272614650504831     
  -24.435894494489325     
   80.981733436980676     
   48.487994274183514     
   68.212222101474794     
  -4.6767309818117431     
   13.610943549086912     
   5.7416151029904388     
   53.493510080014104     
   27.970556209731910     
   88.271081459629343     
   124.25549553331520     
  0.79911191729224473     
  -20.497905640703916     
   3.0431260716025945     
   30.398733663563849     
  -13.062580966331911     
  -92.893486883747244     
  -4.7264255592289341     
  -58.983183125057963     
  -18.998771520009292     
  0.20889260517512831     
   148.27263617847959     
   17.110780419316303     
  -2.7412892337362140     
  -27.943106939078547     
   15.269147396121179     
   33.849797602250227     
  -47.734988544310518     
  -40.738984685918545     
   2.6949750001929882     
   24.082939959197180     
  -38.753635157275170     
  -32.499024329860603     
 -0.63005937648649668     
  -10.964678027043217     
   74.947681590519622     
  -3.7815923508148481     
  -66.509283753225731     
  -25.279243650759721     
   24.944241420893547     
 -0.42947596758841211     
  -59.557831265248545     
   57.940363790428677     
  -51.010040507451734     
   6.9353683656435230     
   9.4442981591167730     
   5.8178447198719585     
   56.451565707189189     
   5.5221263647702408     
   26.004074015738759     
  -15.709341068387271     
  -5.1686449848176510     
   6.4662427043860378     
   24.874517912075248     
  -3.7736710853566651     
  -24.133637579426200     
   16.478792925426678     
   9.4967372570134767     
   19.887243280374889     
   3.4046912416529067     
   28.407809852778321     
   15.924445068083866     
  -1.6435311508811639     
  -9.6571948814285200     
   25.660424084978878     
   67.806237580853590     
  -12.567264397059489     
  -1.5917546328181591     
   2.7569820314182074     
  0.91764139386802412     
   13.968215884358605     
   15.813696814315900     
   8.4221975544069867     
   31.108311952766957     
   14.717552553293272     
   10.541708119830279     
   31.122924266427869     
  -88.423168382216929     
  -14.920623119409175     
   175.01083840005435     
   28.759963021979548     
  -9.6712477772862062     
  -2.3052253316527747     
   8.7132328276603932     
   33.782657481572613     
  0.19617865312484700     
   11.222189641705134     
  -1.6001726448813787     
  -6.9082139902099513     
  -14.817734168496642     
  -16.628475867058210     
   80.620213303915421     
   77.750228582118680     
  -2.9891184229537044     
   3.8098005077271027     
   13.285932258657256     
  -41.824262892123485     
  -140.39193520168647     
  -13.752622501883147     
  -11.905763919708734     
   25.960424903982695     
  -20.137653313428970     
  0.44416020185813387     
   10.915026919627071     
   44.783299167255151     
  -6.3106203046836198     
   18.222574655991707     
   17.572406890832486     
   16.942952774261329     
  -79.120017704081206     
   104.06058890163176     
  -3.2633413754914984     
  -135.56766398282826     
   1.0456358516340192     
  -15.700194809518303     
   42.257508841931788     
   14.986774025642084     
  -23.636031629502153     
  -8.8092165272807854     
  -10.840288086796038     
   9.2568524964183609     
   3.0975061020812440     
  -1.5394622358184902     
   3.7616570188095868     
 -0.31555848281328214     
   3.8763445331553084     
   8.6022217905622202     
  -57.352261380333971     
   9.0125736478592771     
   13.067729174240847     
  -43.826712444124865     
  -10.005504151372659     
  -153.62725751327295     
   4.2972447658229784     
   30.251796762764343     
   32.083171636465423     
  -20.009511715870143     
  -14.843250196929166     
  -13.945056483529980     
   28.802195425253778     
  -14.483059247501069     
  -5.1454597900154866     
 -0.32028878063969213     
  -1.0059620261732687     
   22.264351441549312     
 -0.80640220777247029     
   17.771415714494900     
  -4.4389483543702175     
  -26.329070871212949     
   1.5293097901067756     
 -0.99479756077428727     
  -24.602781267001493     
   60.760523373996428     
  -4.9394320226712347     
   36.918813832531981     
  -29.393305802404914     
  -10.627703273078033     
  -20.165720504383636     
   2.4235731239208267     
  -8.4973426572988195     
   88.159555591840899     
   12.221155273031419     
  -13.178743448279405     
   19.838723140198258     
   3.5371182562483341     
  -39.151056834337318     
   12.726691000355807     
  -29.743648074674049     
  -36.764289473530852     
  -3.6531636429854681     
   14.199168476836084     
   2.3894791538378115     
  -24.427868282219588     
  -54.693376151405609     
  -13.529953767945219     
  -21.123569752872719     
   10.356418069946619     
  -44.792278498870857     
   13.482575595964800     
  -17.130714619945682     
  -2.0595006174334811     
  -11.177068622545303     
  -34.157415331263635     
   18.883488888516208     
   5.2199546987117138     
   4.2749079327997244     
   8.2110617866393198     
   9.9382986532820645     
  -107.85290875371436     
  -6.8023122166771586     
   78.191402960564872     
   53.939377467810800     
  -24.485701341915927     
  -47.447207385121828     
   22.794691532623652     
   18.902549483525863     
 -0.46732435520763826     
   12.970511418446371     
  -49.964332137162479     
  -39.117668417456478     
   11.984616576428806     
  -268.79635837006481     
  -33.867720530630748     
   7.2833670210975239     
   16.364772620495263     
   1.0193510262033121     
   20.082762641291108     
  -26.836446192998046     
   1.8666117939620441     
   16.679540640003914     
   22.846795968822494     
  -19.614270251674487     
  -2.6115057383582130     
   5.3196176358941187     
  -24.023343439371516     
   11.609645481999676     
  -1.9483856945364666     
  -48.960788237820537     
   12.088750239723851     
  -5.1619747073761086     
   23.831458503946031     
  -4.0464927739670369     
  -6.1169260332468305     
   2.6948814431823314     
  -15.924808094159625     
  -21.220367962176560     
   6.8823031358197193     
   8.0157167631030966     
   23.809089133433723     
  -39.202831666469656     
  -5.3428123555128479     
  -19.885609932642204     
   66.873827128901695     
   24.312717949905220     
  -18.956654089901456     
  -29.562001023975313     
  -24.872993664476901     
  -14.743775721172307     
   18.409300570355242     
  -19.807507980265662     
   19.893328449467663     
  -2.2172586517995043     
   24.837283746543466     
  -72.641951583803959     
  -71.426986805340491     
   39.902529283300531     
  -70.483018877690242     
   8.1600652541715313     
  -45.867202969185357     
  -11.379489310159345     
  -17.386699390655576     
   2.0883984492947429     
  -39.843916483318608     
  -8.9973826425863646     
   10.780176706630167     
  -20.539618583544090     
 -0.57669881607519136     
  -139.60410411326700     
  -3.3471322976886597     
   6.4018483285143351     
   31.946040355035748     
  -101.04601383609491     
   43.876896488384567     
   5.8493228005844786     
  -4.4006375925822576     
  -9.7904974815137198     
  -34.935960550905442     
  -17.416989405204173     
   14.602127235153063     
   134.18053939121037     
 -0.87694107933881604     
  -7.0484524636320893     
  0.73183774751670683     
  -70.140111848633296     
   1.1808033958460147     
   10.085681183271022     
  -34.522921349670398     
   10.991621737182253     
  -10.936566596607818     
   3.6926029897304424E-002
   9.9493007533468649     
  0.63712146104276801     
  -4.6467143227687009     
   27.254852867394099     
   11.682551614634770     
  -1.6754530893666792     
   3.2103045680782785     
   14.866830996627613     
  -13.066746873600250     
   16.624346568264738     
   43.992775325552479     
  -1.8293389067867045     
  -18.115916297316037     
  -20.967661717624988     
  -1.6671565674460820     
  0.99742561776427241     
  -3.4651280649235408     
  0.97126994257928390     
   9.5426427907285376     
  -9.7974417396917293     
  -143.78711724897923     
  -15.742830944156202     
  -11.834805845973655     
   11.550894882512658     
  -75.881650454402944     
  -14.224607132428854     
   2.4232436567456670     
  -4.3282014333531063     
  -17.705667600928262     
   31.596526499283296     
   2.1563700022444827     
   190.18236365676762     
  -107.85168491128999     
   26.155940709383433     
   8.3631810529441069     
  -12.022597337893266     
   28.020105867325061     
   21.889764643281900     
  -1.1271094848079926     
  -18.552653121848202     
  -19.404999118466851     
  -25.304326766000546     
   9.8298826690875210     
  -106.87616871904507     
  -10.545762461241672     
   59.990524096045526     
  -6.8924291129412545     
  -45.000389777468492     
   58.903195463940037     
   15.023395783860691     
  -7.6113607952995119     
  -14.333346962690655     
  -3.8548612849053145     
  -17.313941843121192     
   66.262428234263837     
   28.657446815568168     
   8.1925957661742217     
  -4.8574247469960792     
  -21.161006856118895     
   12.484637453819715     
  -102.76643257753177     
  -21.860725759607472     
   134.23452059292194     
  -7.3981333107847487     
  -42.296964623513354     
   39.618127206637006     
   37.217396753881850     
  -26.121210129291327     
  -12.370557326414884     
  -15.887716951916028     
  -27.013998023171027     
  -26.239976750891262     
   119.97475539022282     
   13.472011254484512     
   21.072083821918323     
  -16.611667450015197     
   27.914125244111535     
  -11.685576693470393     
  -58.562328396492489     
   7.0895441616522525     
  -28.275105788118072     
   60.743227148506875     
   93.232002022043716     
   12.733473992345411     
   9.4487678406266582     
  -3.4473164628707647     
  -11.253652018943450     
 -0.87740527280031066     
  -2.5658639407388999     
   14.712893357889691     
   33.324478103355958     
   15.906546650156557     
   2.3339328349974116     
   37.510714238942988     
  -7.8733830533173128     
   18.437950100745098     
  -66.284620103953728     
   9.2820598030388624     
  -59.469911907834074     
  -1.5818313450109347     
  -1.1378657413742836     
  -28.111925178734801     
  -108.56764896379505     
  -4.7277810517077761     
  -15.290329481555965     
   42.588539081771074     
   17.903838295531056     
   6.9283730175425120     
   37.947016242113818     
  -21.131664643956100     
  -11.685425028674249     
  -45.869037649013364     
   8.1963877456855538     
  -19.650201413117209     
   7.4837457168010255     
  -23.622368593659253     
  -136.34929911993333     
   3.3021173029617339     
   3.9628698743940891     
   180.63543273824425     
  -33.985882359598975     
   32.784869786775197     
  0.83924867743691389     
  -13.855308944130083     
   15.999410168537706     
  -1.4851359813588685     
  -43.627116102205598     
  -3.3031862262128429     
   17.499808904185102     
   18.158046414252869     
   13.443843160963644     
   20.368036947310557     
   11.542737263680506     
   178.64127615884473     
   4.8122529510950898     
   18.883347305871940     
  -8.9294708104528180     
  -21.280951051792613     
   9.9031585625609537     
   88.134677668812898     
   37.395034023107399     
   6.0433024676009897     
   45.435723986072809     
  -4.8153517886893358     
 -0.98740374669123998     
  -68.012154055108923     
   13.993402751182872     
   28.187046455711673     
  -4.8942162922062700     
   14.915329778816627     
  -22.908961775405487     
   33.920115933705887     
  -16.437760992686623     
   4.7069415356565774     
