   7.0862342857647214     
  -29.627078886825384     
  -6.2221721336289155     
  -12.356167881918591     
  -11.712966087162602     
  -13.487149612831466     
   26.675041112917217     
   8.2328225484577988     
  -19.500266537500224     
   3.5889646549507446     
  -1.6661882064766358     
  -9.1577300968230801     
   9.0697759533022460     
  -10.430798814504948     
   17.345869916891974     
   1.5827976180175898     
   32.090782079704525     
  -47.725586632286294     
  -5.7968773288460174     
  0.67260302413915973     
   5.2655498638025344     
  -4.8162248355361639     
   67.797618002441666     
  -91.487902185732693     
  -17.825934481164502     
   85.127088877833543     
   13.917584128029786     
   2.7582218884643788     
   15.721593811457060     
  -7.1762549894251020     
   83.506427788302645     
  -2.3797090303609476     
   5.0023065316645816     
  -30.339947464445096     
  -16.484286297293533     
   7.8721322323071341     
  -2.0330364542522084     
  -17.878555373064234     
   55.849115637364974     
   2.8970389442022837     
   5.5289902942583797     
   26.097775345632197     
   4.2433689977801086     
  -9.6981037782977300     
   28.446483961237288     
  -12.735293312195342     
   27.335200030917964     
  -13.896636872182189     
  -3.9132048491748668     
  -31.971850172519236     
  -9.3867394614125104     
   30.233280616138792     
  -4.7447937392462602     
   9.7861373405962890     
  -47.036130575326908     
  -5.3227883865430634     
   1.0775601060597269     
   8.6746280894307777     
  -27.521714817659323     
   27.858999125352309     
   17.097903689241218     
  -93.574244380624052     
  -118.11565596821751     
   30.571548265754576     
   18.569063350203649     
  -12.755623712455414     
   23.665878235965270     
  -177.50817662019273     
  -7.3961723041238452     
   64.029097353598630     
   12.614115689516801     
   19.176076181282447     
  -36.626153273636604     
   32.451337108502152     
   337.61592313550386     
  -2.2063487170110294     
   1.6145745768722866     
  -16.970924647835979     
   17.229732280327084     
   6.8171544739870766     
   29.124888150822517     
   16.950921815727835     
   24.585966999725116     
   17.464010632238338     
   5.5919247751092653     
  -4.3727703575730450     
   15.801077253684674     
   156.15570114577881     
  -17.661125529772828     
  -2.2619028789982041     
   5.1601296831216512     
   36.760779603117577     
   13.429928374813613     
   17.633539965107207     
   1.2460086334144265     
   7.3958045789730438     
   10.246237723910342     
   6.5059439524571490     
  -22.052629471839772     
   2.2316569679457441     
   1.8696276998532766     
  -18.715409701811460     
   45.715604866831178     
   55.979064596325159     
   2.8026234937937877     
   2.0829579412001440     
   5.9712478233504811     
  -3.0962272698079372     
  -1.9049109280901768     
  0.99073127562402963     
  -20.080893692311882     
  -12.226180860633360     
   5.7231083388695136     
   25.432116234984054     
  -21.174942940113155     
  -9.3143430221166721     
   2.6846735955488366     
  -260.51995254720947     
  -8.5465311435871101     
  -1.3049917438219614     
  -25.409941595953530     
   15.420314364248737     
  -17.998124257294101     
  -53.964081839603018     
   9.9977168446711708     
   4.6837821778756048     
   53.186456227326808     
  0.73502026989392788     
   44.611972225558382     
   13.298208342806118     
   12.071323871778912     
   9.9915302939131916     
 -0.77359790104611226     
  -20.178792503950781     
  -6.8611603706189666     
   29.887094591169728     
  -23.513237583555362     
   1.0540451754706441     
   22.377378450373513     
  -6.3214928070596699E-002
   23.125137198078889     
  0.54918635728838017     
   20.354212768493678     
  -89.099682227421710     
   208.67208134709247     
   74.936053143775183     
  -10.475795289848168     
  -16.112838247723676     
  -33.002706066987557     
   9.1314222975834269     
   4.5981359353098101     
  -13.504181458329654     
   4.9826801725394487     
  -30.736572147080853     
   7.7624679509798895     
   52.711256872505416     
  -8.6716805405902839     
   43.311034253972394     
   4.7887896475171177     
   44.049765853671822     
  -37.035031949493188     
   6.3859716569760501     
 -0.55627915052702381     
  -10.665506383566505     
   4.8370972504142600     
  0.11197022483332399     
  -27.491509740004542     
   73.891707554148724     
  -8.6884683649915004     
  0.19572893336366964     
   5.5122796063230108     
  -11.314014515568266     
   7.2687343989673883     
  -69.920078404730674     
  -72.518099816815266     
  -47.805122582720259     
  -208.03284121572699     
   6.7283664359174962     
  -11.080057141276221     
   1.6926681136937209     
   32.725107020154972     
   20.372776371206960     
   12.550344684683926     
   7.0553534867224847     
  -45.959106650871526     
  -22.563764975639792     
  -14.892487492865440     
   9.9248137639488654     
   108.81539922566378     
  -6.7916889419320015     
   8.6931008683336639     
   20.121343772249535     
  -3.7284342618659907     
  -18.480997061562533     
  -49.957579165255304     
   22.993552099143564     
  -14.589390421895560     
  -66.982075133288518     
  -16.486483654104401     
   28.838154594576938     
  -6.4731659247555289     
  -181.57208920589059     
   3.2244518237517403     
  -34.472407526449956     
   21.633502888438716     
  -62.116014788227865     
   4.6313766296731336     
  0.55096885123463146     
   15.846085313851855     
  -11.367373593391465     
   21.472199022729541     
  -15.128484106624585     
   16.589165960533737     
   106.00406404053972     
 -0.95961269355835288     
  -8.8056461097864744     
  -331.42035016336877     
   10.448790800873610     
   16.128519096210258     
   8.7689470749338678     
  -13.623970113562745     
  -1.1619956479033533     
   25.595163448979665     
  -13.230875137777179     
  -25.066606850851556     
 -0.48785339782525505     
   33.123416549854568     
  -1.2939803324972841     
   7.2899061138954035     
   10.692595705223749     
  -68.092012708412568     
  -12.296276515957715     
  -22.426921839666331     
   28.582210662622828     
   73.276195245156387     
  -4.2870911793774473     
  -33.935952540731698     
   30.370493423393878     
  -14.698400904741410     
  -16.961201752755048     
  -40.355123415127629     
  -10.396278033149224     
   3.3385057571167120     
  -113.27124211712848     
  -17.330014844522484     
   16.864692858198417     
  -6.7766364354341357     
  -30.151960633868672     
  -68.686857228751094     
   48.872027446215633     
   51.967890072342179     
  -19.222292173454271     
  -1.0722366074734291     
   3.8772593303872700     
   16.552400606200912     
   22.481246438863497     
   1.9322973422210801     
   72.498677840967332     
  -22.945235384199581     
  -9.1281593459420147     
   14.938179822024896     
   17.936224448260859     
  -4.1563853029061821     
   21.063126306217015     
  -18.291486558224477     
   8.4894195776538606     
  -22.809248697709727     
  -40.423039542597401     
   3.6505196367061781     
  -14.919357410391777     
  -1.2049469995983451     
  -11.688392262007230     
  -23.274668151418410     
   7.9719663335619835     
   16.365269457692200     
  -21.583624437676448     
   36.550325641736436     
 -0.77103113362586140     
   90.283877660581922     
  -14.599532084673996     
   2.8529743101643881     
  -5.8816671448388336     
  -13.984187591917326     
  -3.8428222869088078     
  -24.781866318355117     
  0.50776491051725214     
  -3.2853747595739886     
  -31.840238422043335     
   2.1753263699824190     
   29.970801308805374     
   7.4087410417438750     
  -3.8169239935230359     
  -20.258833309627157     
   68.271984310114718     
  -1.7119990502241180     
  -17.527492633472967     
   46.064161573217348     
   21.207352173324814     
  -120.70621377423049     
   11.606268229281001     
   20.567531158184181     
   4.3738951197073614     
   3.6764627441133659     
   10.652875085117424     
  -15.499630120257226     
   6.4750200258388482     
  -1.5336760702810672     
  -10.774349120856423     
   3.8865587883295811     
  -5.0739941022095163     
   5.3682286073634344E-002
  -6.3546117256617087     
   35.995840682307211     
   6.5317299748892124     
  -79.546685984223629     
  -13.998652866760654     
  -6.2691023008650966     
   30.428251894665422     
   84.786491658275125     
   4.5947802030045235     
   23.713818127134338     
  -22.873450359555616     
  -8.8034560671202371     
  -17.828652776073085     
  -2.3059254352990526     
   1.9893707500033102     
   17.213092738818709     
   14.380738117220579     
  -23.461304157236899     
  -14.827806345877203     
  -7.9688181218840466     
   32.781940211260569     
   2.8670970720865396     
   38.649029610876504     
  -15.216156508348996     
  -1.4171774673221125     
  -18.636020292386579     
   21.440181964382703     
   4.2455805980761987     
  -7.6060433378512364     
  -6.1057086581165745     
   8.1553614443548899     
  -21.164541004713399     
   26.971204176148873     
  -10.295986686540013     
   19.400465373822509     
  -30.090733718725467     
   26.190791293365006     
  -219.22693841160151     
  -39.840542963250911     
  -99.748135817493917     
   8.0762382668759081     
   7.8758051442861046     
   1.2114389665222487     
   176.26373350813199     
   18.875108422370079     
   114.19994267724651     
   51.902142760370182     
   6.2598866764700105     
   96.888760066934196     
   7.9904992436639848     
  -238.08540900601042     
  -6.1555425604590726     
   12.879537555675325     
   32.869987031574198     
  -9.1217226396044921     
   5.8324118402461149     
   82.408197481424367     
  -83.398715786748269     
   4.0276758955760812     
   20.460015959564895     
  -3.9922572865121704     
   31.220156793864412     
  -4.4497593657756402     
  -7.5802842570490521     
  0.42156015860827378     
   1.3984904688204995     
   8.3460790038941699     
   4.7569194027838639     
   38.251833542279833     
  -12.420539119829169     
   10.114766991404755     
   1.3307650615850974     
  -64.608279736225171     
   1.9561176538643286     
   15.739001068719055     
   32.568310865191584     
   31.854623823391631     
   15.743754828364146     
   3.8158861751926603     
  -4.8755577672082868     
   21.605711958063033     
   14.052914299482465     
   7.8915992307325205     
  -2.6160725533380478     
   46.151425638691158     
   264.16338291088965     
   16.769722810316701     
  -25.193847477453421     
   42.689041033356304     
  -25.462135412000510     
  -13.599950722569202     
   25.964788955258420     
   17.807805115522694     
  -22.662567666350995     
  -17.559065470905114     
   14.442853149092597     
  -18.240785825090430     
   41.560009992202779     
   11.455944433241889     
   56.088672729109703     
  -40.672384947046112     
   5.8653569213578223     
   16.001159387087277     
  -88.453143062360098     
   19.533631597369077     
  -24.103453146757232     
 -0.48294423081750260     
  -7.7860946746576243     
  -56.423153368872960     
   14.403245348194769     
   11.775651005201668     
  -1.0213508374611640     
  -115.03899008326803     
   2.2154771765958303     
   6.9533944487170158     
   57.040138726691637     
   8.9067455164810632     
   11.233028762220366     
  -25.483180189936906     
   4.8403740919130902     
   11.126725555451774     
   15.525727010833704     
   14.608082437488692     
   9.9946631219103743     
   52.777950936415060     
  -23.302399066894765     
  -18.691953143494956     
  0.60928913451636013     
   94.461643213263983     
  -12.754012150480907     
   257.01175682032203     
  -7.6759543869645759     
  -14.510466165248259     
   1.0070096331290881     
  -2.6748900106903575     
   15.957599631441203     
  -1.9689179238905261     
   14.177551784266228     
  -17.472294171822295     
   9.5275042005844224     
  -30.827753295775871     
   18.754722703783109     
   79.448515679036561     
   11.041908522527365     
  -19.883900135939349     
  -198.65815373920481     
   11.116492166928342     
   2.2533431073493020     
  0.81704656113743113     
  -1.5851372790942988     
  -53.973961388828599     
   18.429099380936247     
 -0.57872834884657509     
   3.7427887111823832     
  -3.7305479068737686     
  -78.879475862528665     
  -11.022833907403815     
  -25.028917091652570     
   6.8640865574067433     
   5.0003708317130213     
  -7.1088316430975323E-002
  -3.5402152774243794     
  -4.5243121032108196     
   1.7230415593430415     
  -58.154492190342673     
  -3.1725921579272338     
  -26.536079483419442     
  -133.85356552970808     
   17.662259443008288     
  -22.000451500111268     
   6.4937758903046827     
  -11.269291277848154     
  -27.051750787188006     
   6.0041080756247220     
  -18.998251002441169     
 -0.31879886332601437     
   12.944032830973836     
   2.6266312696265075     
   138.46097485788238     
  -12.835175996539203     
  -44.199287275446849     
  -13.210279812736260     
   33.001659655018287     
  -69.417580409474240     
 -0.91679510571012957     
   38.432196120762747     
  -18.319509722989341     
  -3.7345079329153554     
  -34.792195003360767     
  -58.196163324068060     
  -56.579591528513760     
  -2.4272801839353151     
   1.0540135884180737     
  -12.465123082506409     
   16.149403386781955     
  -15.609404131413445     
  -16.897501158903715     
  -32.862329736021877     
  -14.596183152459714     
   6.0482562292080342     
   18.555379141079261     
  -58.533610256145813     
   13.147350504330703     
   15.347851318757384     
  -4.6073686646128511     
   3.4774957315508725     
   3.3122360764695067     
   22.241902453248311     
   2.7992053976061215     
  -12.304321477900103     
  -1.3753179294113114     
   8.0429962877582195     
   5.5663967305324942     
   21.104157499860346     
  -6.5345735369684093     
  -57.774853891863238     
  -51.147929470788526     
   24.889997802148240     
   34.295843900624917     
  -15.841320586239316     
   6.3252504796917499     
   31.486784237080474     
   32.452304211969029     
  -3.2561079635542565     
   99.164849007976414     
  -24.195196203229361     
  -116.51158657003280     
  -7.7261189424528078     
   9.9085966740235936     
   2.1210301176738846     
  -28.119529905915769     
   142.03173009602116     
  -8.8180803353349972     
   11.754828051390467     
  -15.291944698695241     
  -12.485993213660446     
  -8.2485183129114432     
   8.6465316900262632     
   38.517445433038915     
  -2.9951119663329639     
  -34.546643440684683     
  -14.867650919424131     
  -7.4444606071893968     
   28.142064567077476     
   13.590044540489199     
  -17.018456094952242     
   35.355890144257565     
   6.5148014769744593     
  -14.004985508215315     
  -16.999942190423919     
   28.547501936828731     
   176.78444420264236     
  -2.3233446108997073     
  -9.7811536387507036     
  -245.84942102560541     
   18.793278886432340     
  -30.834550086819739     
  -2.8196359672393165     
   37.339396228208251     
   219.06813990476473     
  -15.199305233807713     
  -15.514811113252730     
   18.310892669584998     
  -15.535738260234206     
  -5.3322629932714252     
   21.954214636229263     
  -19.888939072169642     
   42.950962414993960     
  -113.51664269474392     
 -0.96116511783736769     
  -7.4004038132250960     
  -22.947125747074480     
  -1.7114187137577357     
  -12.751943267246562     
  -152.29150493873041     
  -13.526044071509324     
 -0.19225414778470296     
   47.890287169412872     
  -5.1183606904530841     
  -10.191587830179230     
  -47.823068452139069     
  -14.660537123145176     
  -3.7241905596769174     
  -2.9132027498416244     
   98.262344261872911     
   35.568742719655454     
   77.754000433128766     
   10.887066118621455     
  -7.6114325040021287     
