  -6.3408465053879226     
   11.778948902231127     
  -31.210640550285227     
   6.5116583003922823     
   11.355191850241297     
  -5.0124916780998268     
   13.080833681260037     
  -6.5558958341145628     
   1.2687239929241301     
  -3.7345756360815852     
   6.1234854753650092     
  -62.345577462904330     
   12.094293448582508     
  -20.874342624546170     
   19.160071026290954     
   9.1244990934824965E-002
  -20.870453363268695     
   15.984959623094138     
   37.720995572368565     
  -1.0568741163443283     
 -0.34408328173983899     
  -1.3325764773124900     
  -55.880952437154093     
  -43.786768408977792     
  0.81316267019247768     
   71.250104457825245     
   2.5278501869234771     
   68.082185565555704     
   6.1717940248455401     
  -28.270505707645746     
   25.453644472885884     
  0.40336126070579403     
  -3.0706631017485870     
  -20.000731589154654     
   12.673661366006899     
   15.167994734573151     
   6.8118112891142530     
  -5.1044960469482419     
  -12.500412299821829     
   21.663953179267327     
  -1.5333600132810805     
  -27.765356733203660     
   11.806997156621710     
   10.419305065563742     
   7.3111927863239261     
   6.7984566909779822     
   21.350379658764744     
   17.266355048713439     
  -4.4275144890558478     
  -15.813329230624438     
  -6.4353543580778911     
  -57.422284989645519     
   1.7903384412286081     
  -11.511367189814738     
  -140.10985597206968     
  -13.023105307683258     
   8.0574818323018036     
   21.931953682350180     
   3.0965838621166530     
  -19.785076794047679     
   19.255408485365997     
   67.397208795160253     
  -77.401680305404142     
   2.8117324624541133     
  -17.176678633906860     
  -12.864141652915881     
  -8.4595456756046552     
   87.125284003835361     
   1.2492544171121553     
   271.67824810419580     
   32.436255330911322     
   1.1180648431132325     
  -15.906699308747992     
   42.700552739859539     
  -57.545434254382513     
  -15.419833161141000     
   18.339316211318639     
  -8.8712897018436614     
  -5.5303171168985852     
  -1.3551755808835069     
  -71.981568872994401     
  -7.9381756568220245     
   1.5154958064627273     
  -2.1845155249986696     
  -5.3578612337584950     
  -17.601171305418760     
   3.0219976517214731     
   261.00251699232098     
  -12.655956206361653     
   2.3837621101024671     
  -53.818123177405994     
   78.475023158139763     
   15.893277797526746     
   23.310337457093407     
   18.194822268001069     
  -11.383861748768270     
  -1.1725781782499913     
  -7.3000808753987156     
   11.496536677302522     
   11.159062430406879     
   103.86059083314647     
  -8.2693396447707688     
   20.152976587474416     
   38.854090698774229     
   2.1360383166842003     
  -15.300589329968581     
   68.315174209070051     
   10.634717172285937     
   4.6806435596181366     
 -0.15553085744381034     
   26.465596823787891     
  -15.826309708892271     
  -3.5856861165252059     
  -7.1396704961074278     
   41.359781335175612     
   8.8239167749456175     
  -5.9110174773656254     
   79.185813179902865     
   2.3320856836136064     
  -9.5550572194389627     
  -8.2228378498794754     
   53.574884265318609     
   22.824682153638911     
  -46.074711855336957     
  -5.7807441884612203     
  -17.588338122167180     
 -0.48116902161477804     
 -0.15038718554200825     
   78.401373794829908     
  -14.981847859946985     
   13.160748094830986     
  -7.9100136063149096     
   22.468096279930752     
  -5.2954478231172493     
  -6.2275066300832362     
   124.86771338198844     
  -1.2223452126436043     
   10.306589323635512     
  -13.779034162351163     
 -0.39131328780438501     
  -37.191871746994529     
  0.42508818093535194     
   9.1494589953470502     
   68.601045929090020     
   206.83518951738816     
   148.29925436549860     
  -8.2461754907333642     
  -218.10428651868602     
  -102.70142607373610     
  -14.123211109016673     
   8.8419002397566242     
   52.783758102708845     
   1.2786015312530707     
   39.255329418517753     
  -4.3385120404907385     
  -13.149369498510749     
  -10.114790791221974     
  -11.783170743670789     
  -1.3480156958721234     
  -40.783362100071670     
   32.677730622322535     
  -11.747682400536457     
   15.218560654689277     
  -1.8416544774347408     
   7.9881565629110627     
   3.7437157532794254     
   15.537133679006608     
  -141.15516152391729     
   4.3939390532443525     
   58.906818177400325     
  -18.675676968724698     
   13.717171524449350     
  0.67250496245360769     
   23.656662803938914     
  -60.896325675207216     
   36.253496171514946     
  -14.881486254103528     
  -1.8488713184580736     
   31.486238597085958     
  -36.488278071405077     
  -24.562690996803063     
   20.888835534957227     
  -48.540141571833011     
   11.879895108316717     
  -308.19377756971886     
   4.0743151232565102     
   16.011691480744926     
  -28.291870127133517     
   26.191779668911426     
   10.342555997737023     
   4.1943781637170297     
  -24.583930465706484     
  -37.114315545557311     
  -144.60485605716497     
  -45.663067649363164     
   24.253525164561445     
  -6.6436294564961420     
  -44.369301792366578     
   12.163285753104219     
  -37.109420065006489     
  -3.7900275368184855     
  -87.054057978236358     
  -14.414797785450125     
  -236.96663811808216     
   15.997651541446270     
  -17.182388476848029     
   30.113362182382993     
  -1.2375399725265597     
  -30.575559403279488     
  -40.667921714480727     
 -0.90178306701019473     
   16.081326615427614     
 -0.35049613211492181     
   76.391699440431623     
  -6.0465352628154072     
   9.9634143025608868     
   42.889793400352112     
  -37.464198778100034     
   5.6734225438637793     
  -32.247292815716442     
   27.839893079886981     
   5.0107615504526422     
  -13.552174169013243     
   17.199043634634666     
  -99.046716380986339     
  -2.8420633359508565     
  -31.485882787592228     
  -12.502150191791856     
   11.003127849887608     
   1.7622663148097830     
  -36.033932042018591     
   13.869517575806476     
   2.2627287496768185     
   28.097532315387422     
   141.70461514208299     
  -9.5076162578556342     
   12.041282810991989     
   76.628126047398524     
   3.1073605736551180     
   16.477002003892533     
  -13.634633701213314     
  0.34085561511489659     
   127.64594412448540     
   62.896290164475907     
   22.212816534476588     
   206.42235956836711     
   1.7441046891893048     
   20.654354368870912     
   25.300754899814958     
  -1.2789226875738928     
  -4.5976775214406329     
   14.764788820848734     
  -23.346421155412663     
   13.734803484607697     
  -7.2161143999803228     
   81.201289425009335     
  -2.9668100178669903     
  -46.581528121923363     
   92.861943131066482     
  -20.644896970762652     
  -25.782050450575429     
  -9.9410496728033557     
   107.74417803621564     
  -77.522561328638588     
   16.398958223501506     
  -3.0637661902930429     
  -14.417517603264384     
  -21.726263924488329     
  -16.052558443890387     
  -14.967331949445580     
  -41.630583461355229     
   26.764489248186273     
   24.710746736442267     
  -9.8294445380105930     
  -9.7809025005728856     
  -10.729089782867572     
   21.410236099260743     
  -20.978108415462884     
  -55.284956815549293     
   15.474176587277647     
   49.735971881323053     
   24.487218138775809     
  -7.6358971958224693     
   6.4081430343576837     
  -13.720077272771288     
   9.6974092709438331     
  -19.343623458132317     
   16.242435094693786     
  0.76608914451875731     
  -29.181730146076141     
  -1.6596716804650664     
   27.320350133091395     
  -16.577820471968263     
  -11.723979180238784     
   14.682009750827099     
  -5.1177324647100404     
  -1.6101933148628742     
  -11.434271385406033     
  -280.34976477427023     
  -15.225138173614960     
   10.558786489383824     
  -11.301278248208387     
  -1.9738555468802288     
   8.4160493089792894     
   10.860835390955055     
  -9.9927097457531477     
   5.7950420165959473     
   18.434490372687176     
  -18.977380906614169     
   155.93348777751811     
   5.4506843883222160     
   2.8205823242332304     
   22.854596136514129     
   1.5160928055810248     
   80.966696692371954     
   14.098000918675890     
   3.0483845164122765     
  -16.169521487585371     
   164.66588407908296     
   4.6372699495436471     
   8.5668233228598485     
  -16.996854592397639     
   9.9190568561809158     
   14.905694780801721     
   18.283315518224139     
   10.395890569988749     
  0.54875450430277983     
  -18.415724049106576     
  -78.091563066336874     
   34.606131904036118     
  -3.7892463731817849     
  -244.36919984743929     
  -19.249610388614485     
  -3.9772977338436784     
  -6.8826337007376788     
   19.863474190636353     
  -7.8030941402106881     
  -18.618813248021674     
   13.951254732641146     
  -45.901823337104290     
   12.606022296310979     
  -23.354791274169578     
  -21.443215987396350     
  -58.913294126491849     
   3.9015247705894622     
   37.825693100108353     
   36.044814710733085     
   15.345587841201084     
   98.591743601323685     
   32.887042922263227     
   7.4357498014957191     
   18.776750516407098     
   6.1025108366051226     
   34.773584082320667     
  -149.74141549063688     
  -3.1865139285662369     
  -49.535560052934734     
  -35.265016982198425     
   19.512138703259822     
  -238.47448704221529     
  -4.6456412657976358     
   113.38718659547948     
   17.005812089695542     
   14.496550521592619     
  -162.07136777548152     
   16.179171038474735     
 -0.92114619492524474     
  -164.99784871986435     
  -66.608579402226169     
  0.47990800049205173     
   11.141355027935900     
   6.3955245637044262     
   4.8996620989622004     
   13.592307644459220     
  -10.648523784686708     
  -16.634254698022847     
  -3.5530339972695528     
   20.807337046841429     
   3.9787125307771753     
   31.415958289215006     
  -12.172258422642809     
   11.206481337158349     
  -16.548598954945302     
  -193.85492854650491     
  -8.7891996462258355     
   13.733941973434243     
  -20.339802574868699     
   17.228747103561908     
  -13.893753223375512     
   1.3981713423694493     
   1.2008070415516414     
  -10.255164613368377     
  -17.114727252354022     
  -11.953501032994410     
  -18.960627793403805     
  -41.639923976723622     
  -95.653501137545604     
   19.279189500335448     
  -6.8551948678691152     
   6.9019138260876467     
  -18.005550922817662     
  -5.8896757132075299     
  -32.142954741535434     
  -5.2757714289364204     
   27.917963059484151     
  -20.107086676801075     
   33.376497874863119     
   10.592865722997239     
  -8.8608847359145173     
   4.4471360763316161     
   18.907368296754356     
   9.8107927138111002     
   1.4007075253870680     
   4.2777833743212437     
  -193.14890214303728     
  -29.178400344340979     
  -1.0536767722666152     
   2.6694289579244392     
   12.037446540356097     
   18.963223850359501     
  -2.4281047266904920     
   51.049691524336986     
   33.920785917087514     
  -48.360051839079929     
  0.67128100302557137     
   23.372305599488982     
  -113.95785413199008     
  -190.00524266520418     
  -80.927964338544456     
   22.379185023888127     
   9.5571774113876842     
  -7.7685869325812007     
  -39.480431840195081     
   53.722583309970922     
  -5.4083613153999899     
   95.467550270912753     
   6.9979234825824586     
  -52.230013832216564     
  -11.117012282181431     
  -164.97548990734262     
  -16.274652043649155     
  -54.904545325738802     
  -14.621146659875716     
  -21.348249211739123     
   14.554380936903913     
   28.542231373118923     
   6.8019478544295389     
  -6.4599127977402313     
   14.216738588409846     
  -6.5887039064447563     
   2.1051852288827617     
   11.986200336679712     
   14.650548651369922     
  -2.7849022437618207     
   1.3847186290671085     
  -10.952050917400424     
   40.557509378250387     
   13.735545863953746     
   7.8860705475447377     
   3.6510483035969123     
   10.153335511711871     
   17.819972665430353     
  -33.507251552603066     
 -0.38204160641347329     
   39.483171230914287     
  -9.7116335641484550     
   4.2812301741429115     
   10.232028739943237     
   7.1854713337983860     
  0.23670520858201982     
   27.988019282251706     
  -2.1675202671752776     
   28.621197308515288     
   8.6694300646971385     
   21.624839770495477     
  -5.6403886515563322     
   1.7277661209509767     
  -15.243447336430396     
   13.527869148589367     
  -19.993280586656738     
  -5.0842186094200006     
   5.5746758182284086     
   26.264015004042570     
  -10.274958185926485     
   5.9257712442015796E-002
   26.505675117789881     
  -3.0216671354151399     
  -23.322191579796790     
   2.2454554911035598     
  -51.852253846949765     
  -92.629545990716338     
   211.02279628100823     
   4.5510763610852063     
   7.7647843624581450     
  -90.751369529197859     
  -5.0636933541414635     
   12.200620757027231     
 -0.21144900635225228     
   1.6388505276096326     
  -18.736473194243423     
  -14.352434356977922     
   259.82751528100891     
  -3.0856954216405201     
  -22.629708335659391     
   10.087458086941087     
  -9.3819995357831445     
  -32.236283308016588     
   35.088174293687267     
  -74.321996007025163     
   17.572995074219833     
   33.124063880262938     
   54.071701125560516     
  -101.59738086638676     
   1.8157773274309528     
  -17.312707654305292     
   12.923587379012075     
 -0.14948280532368763     
   40.356917198360385     
   98.404141444828937     
   7.5359039308075797     
   33.034258285121552     
  -13.113849580390797     
  -9.6583020989619239     
   8.2487071201383131     
   23.486662008945736     
   26.730852850991603     
   115.53087347117810     
   11.404999355126559     
  -4.7279793049322834     
  -6.6714358717360405     
   9.2104369621602018     
   10.752616289017960     
  -16.399115621376254     
  -8.2398118924901702     
  -36.994496660408153     
  -32.103728430576396     
  -8.9711039967418671     
   60.319496211279130     
  -1.6384691212200577     
  -22.295086122968048     
  -25.683105597090371     
   27.233295433554648     
   21.852832959267460     
  -19.124042877662962     
  -27.502688714738699     
   25.451037590739254     
  -15.356663403377976     
  -5.3668287414046354     
   109.91483280174074     
   22.972733777529026     
  -12.826788973161651     
   5.3176706360093640     
   15.931792382961143     
  -8.3921921038314338     
  -22.570851433984508     
   6.2933137004980582     
   21.824646718963869     
  -7.9829010498540889     
   20.341175588673483     
  -16.637357410495490     
  0.36054349615154158     
   40.041907885845760     
  -21.433339821076753     
  -12.780659074200750     
   7.7458093252272890     
  -137.39619073186100     
  -73.731940111937860     
  -28.802089403491472     
  -1.1523293662210432     
   39.721269216560884     
  -85.603803692940247     
 -0.80974224234189762     
   13.710936596325151     
  -9.0085718643933745     
  -28.783911984871551     
  -2.1981405191246188     
  -1.5161444397919928     
  -20.274957714559161     
   4.0583406039847985     
   1.5910813219576951     
  -11.913496544173352     
   9.2467950991548591     
   6.8231222596797689     
   11.847718148547280     
  -14.839497147955875     
   191.01669010109833     
   162.76849431943617     
  -5.1761117164287409     
   49.680675897584372     
   1.7282086845622380     
   17.330363328954327     
  -74.772697267182963     
   18.266655300950124     
   9.0593983482354030     
  -7.4109825186772635     
   53.366208560137608     
  -29.533894427812214     
   205.52761984527612     
  -5.8547551015274646     
  -12.502804492037749     
