  -1.0829844803001893     
  0.62144020547635259     
   2.3296728267939026     
  -5.1503270119150795     
  -1.5097093722842567     
  0.43940638888220140     
   4.2687891638567281     
   2.0329012388310312     
 -0.87563522712315678     
   2.1052093071012949     
  -1.3652312299861324     
  0.60729053607728722     
  -1.8034656984670336     
  -5.1166877891332616     
 -0.64287675346080697     
   1.0236077431934854     
   3.3263846818741105     
  -3.3149030956885026     
  -4.4336487702530292     
   2.2465402308222080     
  -1.8348878923522907     
   1.0313868365572934     
  -2.6813652592963155     
  0.79229609835324499     
   3.2169127478509894     
  -1.4686132444243460     
  0.92996322293315348     
  -5.3218837764585274     
  -2.4937482290629558     
   2.4160944201578571     
 -0.93874638963123136     
   5.2333413844245902     
  -6.5547918626095401     
  -1.5747056371046264     
  0.76665735720433237     
  -3.3117012301960260     
   1.5925929207867950     
   4.7524218825687683     
  -3.9351782715555528     
  -3.3669798026944120     
   1.9178108865288093     
  -2.5373676517202952     
 -0.13074227209254347     
  -7.3982405921246936     
  -4.3997116316041742     
  -3.3952424485671888     
   3.8637608289780454     
  0.35026705809673142     
  -2.3186275740763653     
   7.2269813402533325     
  -1.3242565374846722     
   4.1356302744466111     
   5.1908916494347874     
   1.5455128520692649     
  -4.6869025152988844     
  -2.5263467690104520     
  -3.0720466098725825E-004
   4.4214109438567553     
  -1.5579319474116795     
  -5.3568370949371396     
  -1.4910509034195085     
 -0.18838072908252121     
   1.1874749725134048     
  -2.7457880823208685     
  0.58656001953103731     
 -0.13324674630849237     
  -2.9454978041870645     
  0.82946126611650650     
  0.60311320557436476     
  -4.5978020675269473     
  0.39934834529370755     
  -1.7683580585023448     
  -3.7515290361425855     
  -2.1625226895114746     
   1.9196749710396397     
 -0.72394469036212628     
  -2.3490827324668389     
  -1.9037700349508955     
   3.6385279699562791     
 -0.26421442531902939     
 -0.32231590855665820     
   1.1889674808131609     
  0.99690790687155773     
   1.0057299608004509     
  -3.5788617872961468     
   2.0574536623539559     
  0.27967341144920449     
  -1.3559166435415591     
   1.2575654415921200     
  -6.4350627458923304     
  0.81941805581075000     
   4.6916719742388349     
   4.1442074018008475     
   2.0572864564350737     
  -1.1590125293800357     
  -1.3540108956489705     
   3.0595245766214623     
   3.2274169481742914     
 -0.56189003595738751     
  -2.7831526733220899     
  -3.3041494792156088     
  0.79127078453489219     
   1.8966418411213601     
   1.3129121603579774     
  -4.4585581584461451     
  0.33590603122085105     
   1.6921091547573979     
  0.38669944633573672     
  -1.5829279700690173     
 -0.44623024466799455     
   4.1823923551728237     
  0.72365237483256206     
   2.7836066502704346     
   2.1008213483483611     
 -0.34515840167004430     
   1.5370493847121329     
   1.1752895174713571     
   2.0078060575413521     
  -7.6509064311691341E-002
   3.9479486393205723     
  -6.2369946889201522     
 -0.93641242675435876     
   6.8004845396037421     
   2.2997290929452192     
  -1.3310001042349089     
   1.7602404528678097     
  -3.0979361496934312     
   2.2578048247276845     
  -7.0960947479236508E-002
  -3.5283140500395653     
 -0.25980370973648464     
  -3.5779710181494875     
   5.8462527187014910     
   2.6379040102722295     
  -3.9461138340788251     
   6.6497118287531958     
   2.5887575129567493     
  -3.7100866651161204     
 -0.30796348553380237     
  -5.4011983711817315     
   1.6454874329590399     
  -6.9240373934788462     
   3.1904784026308191     
  -1.7440399941607072     
  -1.9979563324437859     
   2.9354706728097049     
  -5.9629010032244745     
   2.7379995896282892     
  -2.3467836877747397     
   1.1861802805866479     
  -4.5634177681328278     
  -5.0049141986002397     
  -2.6448999809489688     
  -1.2410402554879885     
  -1.2704643560432247     
  -2.4518152845395123     
  -4.1135442015742223     
  -3.2984584030063773     
   1.7940311152737376     
  -2.3753571943578193     
  -1.7256792207782996     
  -1.4579039031027767     
   5.2780289996192806     
  -9.7036503982198735E-002
   1.6022765170288042     
  -2.1541035050478743     
  -3.2453993097341356     
   1.5244509733868523     
   8.2855853548615954     
  -3.8954667635321036     
  -5.7896898056933228     
 -0.26137823952858003     
  -5.5634828615664613     
   1.8102706690462651     
  -4.2161153046138572E-002
 -0.22633406316996366     
  -2.4580679772103053     
  -4.2191296648035816     
   3.0247997632475148     
   3.5688643457856287E-002
  -6.0465837604065209     
  0.69199940780598601     
  -1.1235864271544396     
  0.32425081323300431     
   5.2852615928868847     
 -0.74620532785091631     
   1.3074624804121089     
  -3.5866499984031384     
  -5.9948774592985288     
   2.2634569654188055     
  -1.6944105355593704     
  0.38400165134454095     
 -0.85623497694212225     
  0.78920944186952258     
 -0.39526245981378777     
  -5.4719515368917691     
   5.0074790812099286     
  -3.4833394333489247     
 -0.13231227172600918     
   2.7547229462602689     
  0.55900375990970896     
   2.2666103053671747     
   8.8302780409834334     
   1.0336874109896133     
   4.1985395625394295     
  -2.5436185311416732     
   6.3171331311268037     
   2.9028889165672580     
  0.85564365779072871     
  -1.6136876073261093     
 -0.84999268460692989     
  -3.2359750768369460     
  0.63874952117824901     
  -1.5956291336581665     
  0.45492266417421540     
 -0.46956515740930804     
   5.5153318965472629     
  -2.1811720572429882     
  -4.3056885538941598     
   1.7805741777147548     
  0.26420501166070515     
   4.2921385542666997     
  0.10747805569587585     
   2.9804241549715371     
  -1.1412954379981515     
  -1.3652638328605855     
  -3.3233204131272189     
  -1.0302399299456542     
   2.9142138574387921     
   1.0362581716407753     
 -0.46428049213205652     
 -0.16323554961770734     
  0.28613778746426938     
  -1.3702315300099948     
   2.3652707546192877     
  0.68815774265227914     
   1.6550421058815201     
   1.4439663357034651     
  0.40360487716502863     
  -2.5561106875107020     
   1.1009714882258477     
  -4.9851181381939898E-002
   3.7015643681384041     
   6.2832636503331738     
   1.1212754189070910     
 -0.86372875357622692     
  -1.5799612912388994     
   1.6825685470847083     
  -1.5258376016228141     
   3.3207231220572342     
   1.0781251870139392     
 -0.39527812557313685     
 -0.65896316060120153     
  -3.2850376030668684     
   1.3659280232090434     
   1.6164889076194175     
  0.74415498830784099     
  -4.3763358325368733     
 -0.30660513733072259     
 -0.68250705450788363     
   1.4904056036802296     
 -0.97234642833927931     
  -3.7441115572617716     
   5.1613600138543783     
   6.0625549901069444     
  -4.0513063705817309     
 -0.75777187995235773     
  0.66526551532931388     
   1.7827007608388898     
   1.7550545937252628     
  -5.2644934507865644     
   1.1084545646748547     
   1.8646146757358448     
  -1.1205550299393563     
 -0.66209644385310529     
   3.1843816052828360     
  -1.3641336884963466     
  -1.0552158284993809     
  -1.8241986550207798     
  0.11617222478161132     
  0.81133257209320864     
 -0.39410772986574433     
   2.0707865660169720     
  0.72848089427402973     
  0.74663555587182484     
 -0.95696894123453835     
 -0.41430135824568465     
   1.3348671078489971     
 -0.40344569440511879     
  0.74418837513537273     
   8.6736001841442345     
   3.5289759022151719     
  -3.5380583720994028     
 -0.40161176148405753     
  0.86576106735879110     
  -3.1414771777517077     
   5.6353918625807635     
  -4.1332942771867875     
  -8.2826502724778326     
  0.88169777558959983     
  -2.3973264046186582     
  -4.9405739358710665     
  -3.5017340721644437     
  -1.4885015921772060     
  -4.3130677753968794     
 -0.49125213396951478     
  -1.9888374371554831     
   3.5539059572335614E-002
  -1.4816938161492483     
  -1.4480947790473446     
 -0.14512104879696205     
   2.4173569044286545     
  -1.3522967145532758     
  -1.6698596518539022     
   1.8470763932161471E-002
 -0.88917006360022877     
   10.100025310795091     
  -7.9179968159011942     
   2.5446761214767895     
   6.9467495905528338     
  -3.7599686745167475     
  -1.9880563098467126     
  -3.6531740198098503E-002
  -5.7640539900051522     
 -0.63518279149510637     
  -1.2797975334295959     
  -5.1775824381001367     
   4.5479793897298944     
  -2.1640405923479635     
  -4.0090229451401278     
  -9.0598974346206180     
   1.5561786349180327     
   1.7737905148959359     
   9.2407827943942339E-002
  0.46882645338132878     
   3.5129046990848121     
   3.1731452758859047     
 -0.56315805380136097     
   2.3221620972314865     
  -1.0744400928788551     
  0.23498890616535170     
  -4.6868250077775926     
  -3.8459987836012668     
  0.50472184115203700     
   4.1934540140573935     
  -9.4441628588416288E-002
  0.39633557641260819     
   4.5988608344201873     
  -3.8074085913936480     
 -0.82287784959272314     
   4.8572849643858511     
  -6.9002545541796048     
  0.81016303881342810     
   5.0605777578388498     
  -1.2366567773893389     
  -2.4342458180735482     
  -2.1584940157484374     
  0.13897163880637317     
   4.3953976151267362     
 -0.86366899529481067     
 -0.39374228554087953     
 -0.27239572760668179     
   1.3925515351421747     
   2.6395562106284589     
  -1.8206076517810681     
 -0.28485901989420692     
   8.6216267729431593     
  0.13151685152286302     
   1.8338425953057726     
  -1.6824218795206090     
   3.0535536345251422     
 -0.90164201998086335     
  0.71239821639498835     
 -0.52998423524231653     
  -4.0362793933945564     
  -1.1750359616384836     
  -3.2410564009322038     
   3.8472150552147655     
 -0.31565117133505821     
  -1.5958848736877780     
   1.3892585959122585     
 -0.44865616956477322     
   5.3601000282228064     
   2.1581768083189128     
  -4.8009961091906694     
  -2.1199882501731735     
   3.0211364474157825     
  -1.5288944157277249     
  -2.7351266441627824     
  0.40414567279196251     
  -1.8352250675852950     
  -4.6922337158723790     
  -3.2424288303582163     
  -1.8498402010103066     
  -2.4965824200879085     
  -2.3487720510660521     
  -3.5976147634671771     
   1.2566599840505404     
  -2.2310453958597694     
  -1.4638157111936256     
  0.77209350910251673     
   1.5407581652603985     
  0.61834877013912293     
  -1.1028707735914920     
  -1.1638993973470648     
  0.61914126727914143     
   2.3580369691479537     
   1.8499565998123113     
  -1.0273822605870584     
   3.8965045609380153     
  -1.9821627262947970     
   5.5324089631278905     
  -3.3448689699784584     
  -3.2808111375013955     
   5.3177180836597318     
   1.8296103441090150     
   4.7380823611333813     
   4.4863922855859286     
   2.2942914857367986     
   1.5700149845215345     
  0.24846136330993246     
   3.3931185169334603     
  0.85162129540300580     
  -4.8948333121264698     
   2.5123590196784158     
 -0.74688647394734109     
  -1.0816962644448647     
   1.3594557903012991     
  -6.5232935953940965     
   4.3740103942974855     
 -0.18702336055553129     
   1.7926398947403099     
  -6.3201913288025171     
 -0.19311992194782715     
  -2.2227549651809242     
  -1.8825847315402371     
 -0.28508796227136202     
  -3.2450538453500926     
  -4.2027775570390338     
   2.9935090703852256     
 -0.68542694725344344     
   2.6428865594149338     
   5.5837279721795330     
   6.6323353144503114     
   4.8771863751442037     
   2.4683341448445510     
   1.0204437428478932     
   5.3057167651999659     
   8.4410093850634624E-002
  0.95551809089693773     
  -3.4460078770559512     
  -3.7514113556945259     
  -1.0256959963392733     
  -1.3754650806496720     
   1.0092463489952053     
   4.8386865998356576     
  -1.2866866995094577     
  -1.3862786933716638     
   6.6511155535853907     
  -4.6221524055003886     
  -1.7230095540844965     
 -0.46576400838337995     
  -4.1697284402989441     
  -1.5255770700802258     
  0.31181642487612210     
  -3.2208575545735205     
  -3.6283346982770981     
 -0.88989706620656317     
   2.0000101167791899     
  -2.0384768520556915     
  0.33321876010533052     
  -5.1985851995890346     
   1.8273275699707576     
  -1.1530532740552641     
   2.0139061052783678     
  -3.6152471562820363     
  -3.8125293902357997     
  -1.8628977866495580     
   1.3054615232357114     
  -1.8844936805691817     
   5.9483757465021974     
   2.4771897700232275     
   1.5009583435154954     
 -0.85224793590569581     
  0.31103756075289563     
 -0.28397215390665015     
   3.3141770108647570     
  -3.0127007456307320     
  -2.6051884634296427     
  -3.4959082284516065     
 -0.46485135320896853     
   3.9060448682758286     
   7.6193759753804251     
   1.9054159858098372     
  -1.3334652300266092     
   2.3248253075461194     
   1.6406722247324643     
   2.0681439290665953     
  0.48274260670116192     
  -1.9245562524415727     
 -0.56789036208653287     
  -2.8507739894799067     
  -8.3753650928898047     
   2.0009146067979224     
  -5.1478936143856151     
   6.4204903341118360     
 -0.89661438362324464     
   4.0591947242764821     
  -3.6291749896935590     
   5.4101302010169707     
   2.4857686981894309     
   3.5198889373833975     
  0.94842911873948632     
 -0.51731316801722815     
 -0.16692017078044238     
   4.9516331036043688     
   2.0425001335762971     
   1.3291565632187325     
  -5.2066245745840867     
  -2.4143633400455773     
  -2.3108723752571425     
   2.4541697826361775     
 -0.50266931625973044     
 -0.95026747237386133     
  -3.1659112084798142     
  -9.8927204002354455E-002
 -0.53609983314651588     
  -1.3092231207617309     
   5.3149516540507119E-002
 -0.85248992105436960     
  -4.1012726374553976     
  0.73557868842426022     
   2.2719427586952810     
   5.8936541269972658     
  -2.4945344303038728     
  -2.6611158928549816     
  0.72289865287455490     
  0.51273852564988553     
   3.5558977322294454     
 -0.39262748920025475     
   1.9357910718981237     
  0.58491398921858007     
   1.2023827179338837     
   2.8223518938258616     
   9.0756135956383961     
  0.66533899129418383     
   2.1721792989881163     
 -0.26387659973643190     
   1.3832996823972781     
  -2.0119482509155748     
   2.6472856679398036     
  -1.9214176669782068     
  -6.3190079571221984     
   5.3189678873397161     
  0.19648722587921572     
  -2.7193978774492962     
   5.5417495766294591     
  -1.4919761282962669     
 -0.52962698115553164     
  -2.4007327420572109     
   2.9975790766261050     
 -0.93658505371119261     
   3.0714295135707399     
   2.3541635286606617     
 -0.39716595182400843     
   2.6306866438141179     
   4.2139523493560329     
  0.75862934998776188     
   2.3790718577376992     
  -1.6278290051841089     
 -0.99332341664023338     
 -0.92133946284301771     
 -0.95770769248755327     
  -1.7294666381070594     
   6.3241042300256041     
   2.0657730391874973     
 -0.48104965004297529     
  -1.1479045262319594     
   2.9350769337265348     
 -0.55711249792423967     
 -0.52328468000155282     
   4.0581425855648917E-002
   1.5647487697142675     
   5.2265483983791290     
 -0.11888926674489469     
 -0.18921130159982519     
  0.63501035648010051     
   1.6572159295337237     
   3.5343331320863323     
  0.16199268210483475     
   2.4027775445113524     
 -0.42865745215118511     
  -2.5552955344176675     
  -4.7314507848247409     
 -0.54416144105998954     
   2.6413945898679159     
  -1.8203982149347011     
   5.3606510813762398     
   2.4829324072651207     
   2.4397100077682063     
