  -12.211155194657874     
 -0.16058999754273473     
 -0.65404611190371131     
   21.966520636655119     
  0.71376681649352758     
   3.3395381335312688     
   2.0658708409744744     
  0.17760964049519024     
  -1.4098498275086304     
  -11.520897862437609     
  0.49058739366696102     
   1.7406146988752680     
  -5.8537362945262563     
  -2.2124839144080268     
  -1.2393965513457814     
 -0.15399560446471819     
  -1.3175613822061041     
   2.3118886029644514     
   4.6638108289629638     
  -2.2387110795119431     
  0.84379790616570804     
  -2.2545020683044138E-002
  -2.3332567807319760     
  -21.774263451237360     
  -1.9005955971045418     
   2.7926870912019792     
   9.7450805984395910     
  -1.9399471079377628     
   3.5655229339216556     
   11.919114134560022     
   1.4536492531692389     
   1.1074092420413995     
   26.268410470192428     
  -10.966675357703068     
  -18.119421612532484     
   1.8517884700372098     
  -1.2830866387225954     
   1.3951611155329409     
   1.7529931266717029     
  -1.2865261684924059     
  -1.3832980790915326     
   1.6170160757660912     
  -13.566859386012331     
  -3.5867906004440488     
 -0.97365335843869583     
   2.3595644544161796     
   1.2738676678591603     
 -0.76882742178171537     
  0.41596161167678830     
   3.2809244671576407     
  0.62512686749945567     
 -0.28870868766140112     
  -11.988728085064297     
  0.98207701171611883     
   1.6378635381553361     
  -2.7826273932120937     
  -4.2493940604369058     
   1.3411024626809043     
   1.1927819147492518     
   17.635337054335537     
  -4.7397468469578889     
  -4.9052954397049326     
  0.64617227033042068     
   1.2616320617678647     
   1.6082558918788843     
  -1.0036028093327785     
  -9.0950540590989721     
   3.2918012454100438     
   1.9107639465518829     
   1.4679426350860665     
   1.3653632790245358     
  -3.6292160604358585     
  -1.6302147712723445     
  0.35289559213725191     
   7.4453669496236659     
   4.5109651462565141     
   1.3663536161831136     
 -0.10148477861657434     
   3.3878256716297743     
  -1.3482594614811596     
  0.11853207014162126     
  -24.264091496766916     
   3.0611830662408024     
   7.2733621465623344     
 -0.83494325554047644     
  -4.8245231940792968     
   2.1053145185869333     
  -1.7521885467097095E-002
   2.1234655157368425     
  0.70178903715888374     
 -0.22561372207687061     
 -0.37583795532162911     
 -0.77359703720000084     
 -0.15508917658102736     
  -3.1130277208226254     
 -0.24564802447973197     
  -12.442053260907535     
  -1.3493261080659802     
   1.5533385011497998     
   7.9431685701381163E-002
  -5.1873013079538568     
   1.1050230047987568     
  -15.513811048247613     
   8.7899138587191068     
   1.7624215081522163     
  -1.8556694929815241     
 -0.23911976584255940     
   2.3905146250912810     
   3.4114194691638065     
  -1.9459730550115137     
  0.10991540597158926     
  -1.3585541651497783     
  -3.9910642000238274     
 -0.31500960660999694     
   14.401561374610349     
   5.5542290969327865     
  0.67812417742562858     
  -1.2828860173144367     
   2.0532430619044040     
 -0.39660235212557665     
   1.7479082169431810     
   1.2158157253962292     
  -6.2245808646157625     
   1.4229998272794062     
  -2.3781308665586858     
  -7.9037734734899736     
  0.86150053535672932     
  -1.0577215219408511     
 -0.22592346897356194     
   1.5568638049368786     
 -0.87602449053235143     
  -1.7919226013695508     
 -0.29445079543099290     
  -2.4758057700131912     
   1.1136799388865946     
  -1.2230784114615800     
  0.54031921773146840     
  -8.4026283234508919E-002
  -15.731541739898375     
   5.9228989528071283     
  -2.7952753463221143     
   3.9415072763666070     
  -1.6565737480584697     
  0.97104408523080332     
  -3.2087617971664502     
   8.4513789717971188E-002
  -6.8090840984863465     
 -0.17474624032555497     
  -1.7440045943004372     
 -0.71255261989131746     
  0.74891206184622572     
  0.88620691856782985     
   1.9076163703331197     
  -2.5514446199966980     
 -0.84433026433128866     
   2.1776269395949779     
  0.20802260583502943     
  0.35852055987166398     
   1.1017780817044065     
   1.7292893076022195     
 -0.52709105564542413     
  -1.1917664292516756     
  -9.1168144776587940     
  0.80302407282578081     
 -0.78621695321597351     
  -5.1255208360786675     
  0.24979682198749406     
  -1.3971583605777340     
  -1.7369997931554617     
  -5.9526900162832268     
  -1.8843065257999925     
 -0.73038272374310154     
   1.3026297202795674     
  -1.6360664475670212     
   6.8736692172328393     
   1.6748740808032334     
   1.2389724509918052     
  -2.3694806000632487     
  -1.5041295087167301     
   9.3484213863570957     
 -0.55763765726361858     
  -1.6727976968533704     
 -0.98025412810780266     
  -2.2991269759726243     
  -1.5685817819404750     
 -0.93280272924876273     
  -1.2169551588267398     
   1.6971814748325882     
  0.38941479231340753     
  -2.0515428255689763     
   15.237964950716210     
   1.7581173552816680     
 -0.77329828324997085     
  0.57885383283977110     
  0.73610989948176364     
 -0.34109474701544901     
  -2.8508059480309935     
   1.1939812232323403     
  -1.3520257303948493     
  0.11728383166719093     
 -0.43250242441903508     
 -0.98162369740505673     
  0.10421158883449513     
  -1.6135416660926500     
  0.92828319692794914     
  -4.4112471916334721     
   3.5547722869810188     
  -1.4891553020246557     
  -1.4975454478053849     
  0.19995476145178293     
  0.56920332079574631     
  -6.3611726034879430     
   1.2872899556861315     
  0.60375631698218490     
   1.1594211405247641     
  -3.3293346933267047     
   16.755936713505704     
   1.1516671656332276     
  -2.9027550444660015     
  -18.502750329751223     
  -5.7406549333647104E-002
   2.5956004975416085     
   2.1223666372146610     
 -0.99253375006070721     
  -19.476048688950211     
   27.618374730377759     
 -0.87248363067008361     
 -0.70241098494815435     
  -1.0816727786603653     
   3.2821992212813811     
  -2.4947044515317058     
  0.73173905614592960     
 -0.47809810462287400     
  -6.0000433965179605     
  0.29101260088571840     
   25.769743191779391     
   4.2222607411723683     
   3.2080162633945499     
  -1.7914433009121069     
  -2.8836594781633469     
   5.0053270432239865     
   8.4968473386137244     
   10.522083845477566     
 -0.35123894159188473     
 -0.10984419141762826     
  -20.291723511071858     
  -2.4381759616961030     
   1.7573047975068499     
 -0.29552909399529953     
  0.98081308733437167     
 -0.10916595276007529     
  -16.180150413545253     
  0.53096332449170469     
   2.1281519918242355     
  0.88742735070554912     
   1.4221082219014782     
  0.22212681235593482     
  0.78614385286652511     
  -6.9822235008389644     
 -0.37760586709685656     
   2.9239521688845493     
   7.3032768581110545     
  -1.1824105185151246     
  -2.9943218023928497     
   15.629480443664413     
  -28.877681457844997     
  -1.4517365554356612     
  -1.9167128195210348     
  0.36260360925969681     
  0.40645896976209928     
  0.16320539131732131     
 -0.75819659356704205     
  -1.9789796546778236     
   4.4431590625175472     
  0.16364579763025000     
   2.8722416695804345     
 -0.68981944758760705     
  -3.5920073513513389     
   4.0432617629368961     
   1.9854419507162120     
   2.4805092365511054     
   1.0829693108311977     
  0.60699259740605727     
   5.7702230810878747     
  -2.5450224407507025     
  -2.1587045506909601     
  -6.1637529956582915     
  0.43654831078914513     
 -0.61810035491500581     
  0.31689030975580645     
  0.34693232284375380     
  -1.2034814507020906     
   1.0634186239994687     
 -0.51042398420769131     
  0.93172401659383342     
   2.3701172416763505     
  0.43362991093289327     
   3.6628761409967496     
   1.0214694689316739     
   19.004870139944700     
 -0.60602929688938700     
   9.4653779809988574     
 -0.34780993136673716     
  0.11056611212580264     
 -0.68303366230047802     
   11.187090474575625     
 -0.96308509769476291     
   20.338670614749525     
 -0.73046380072437311     
   1.6626244412826008     
  0.32339170014834367     
  -4.4148949458433764     
 -0.73585422081253749     
 -0.67304889714479732     
 -0.72434959814026967     
 -0.70531232825936940     
   4.5274387398568994     
   9.7141903157651441     
   15.832002330230928     
  0.90368603615240251     
  -9.0990297425397682     
   2.9953899411457057     
  0.35437839315307423     
  0.41187636915965387     
   1.6356159485432180     
  -6.0994063846188649     
  -2.3235411089745313     
   1.0047506838382951     
 -0.90406956612205946     
  -10.434044061800510     
  -3.0833509413865876     
 -0.13976539197522053     
  0.64575990543357298     
   3.3895896888972739     
 -0.25917647992512682     
  0.55362593225204526     
  0.75510971279765771     
  -1.2944742612236642     
  -1.1880073144247101     
   3.8092936490325866     
  0.82734329399542539     
   2.0402141474040003     
  -6.6287513155289357     
   1.2755162905182167     
 -0.73167721936224517     
  -3.2251171254277775     
   5.2112156035465986     
   2.5459426934161660     
 -0.61614783670557172     
  0.13647753562839296     
 -0.13180930654617407     
   3.9582803371234485     
   5.8895461326432210     
   2.7341371368219352     
  0.46872658412051382     
   1.4742721309481335     
   3.1520486079047965     
  -2.6132732621450527     
   23.744350315777851     
   1.9501708395725101     
   2.1026690779829633     
  -2.4863605093863486     
   2.3574175954761691     
 -0.18277641476133077     
  -1.3270136904406380     
  -2.1905414377150851     
  -1.9330100905574521     
   2.6841914132262050     
   1.7138117117284066     
  0.64259197265216550     
   5.3339450592687019     
   2.4452556400585337     
  0.36013200278290203     
   1.8969121410965144     
  -2.9951737340324827     
   9.0611653982260112     
 -0.37923143110850954     
   24.838417706629777     
  -2.5069788083439946     
   1.4043845019586361     
  -4.3182335780098473     
  -1.6515284169144344     
  0.94238222361656754     
  -3.1787734263492973     
   11.565794769213475     
  -1.7741203698282657     
   2.6341425519295285     
   2.9427030392007123     
   1.7893301595829159     
   7.7394413821599555     
  0.15177202389032154     
   9.1694569022265426     
   1.1716582403578488     
  -18.645669749586069     
   15.424218451097081     
  -1.6261780101051937     
 -0.31444850877036090     
   10.385920087697787     
  -2.7839308476660785     
  -1.5786946234737280     
  0.27767037918785431     
 -0.18861478658651790     
   7.1655190510579447E-002
  -25.763023278695293     
   3.7445044654566617     
  -1.9994986453401487     
   4.3250770133370819     
   5.5680863813846972     
  -3.6067612751339935     
   1.0123014346009971     
  -3.7507006640672906     
   1.0380826320005956     
   1.6322211488185537E-002
   5.2356911576613929E-002
   1.2108768989368892     
 -0.35741174021711009     
 -0.95019173903308718     
  -1.5930674138798187     
 -0.44248959022217460     
 -0.42050304966441798     
   13.715711432497043     
   1.4092547402445141     
 -0.16149455016235137     
 -0.65826722872730015     
   1.4740367716722629     
   1.9827045760784647     
  -9.6565329731056124     
  -11.026574253168395     
  0.42345236512013001     
  -1.5836114539581987     
  -24.920583158804437     
  -11.308639635787328     
  0.12220456271279018     
  -2.1972724055060340     
  -20.302047239019853     
   1.0298083214254032     
   5.9375819207523217E-002
  0.29320323332650117     
   1.5547760189487110     
   1.9433616088583010     
  -2.8709656999284379     
   1.6170723117599057     
   1.2936237513058115     
   1.0477241058628464     
  0.95591976116693056     
 -0.43291408954980665     
 -0.11203254143125205     
 -0.53643933981948533     
  -2.5087289675350815     
   3.6717378858501108     
 -0.64866656939441580     
 -0.29843813555697596     
  -3.2729022673815000E-002
   7.9124975756071809E-003
 -0.99065376740048106     
   2.1444001724374120     
   2.3198646771248410     
  0.89687692392768559     
   4.4429537207724223     
   1.6130559002850833     
  -1.1634658331559464     
   1.9158664456012695     
  -3.2846819463780683     
   1.0485910487889845     
 -0.77701532710632448     
 -0.22064557389740008     
   2.0140193784370544     
 -0.42278394626066906     
  0.57427267842943430     
   1.2118692442187446     
   3.1091826259259308     
  -2.3148128149055709     
  -14.339032326400581     
  -9.1783650052581336E-002
  0.68578780155333219     
   2.5967565455098449     
   1.9192982674715431     
 -0.76065244495128859     
  -5.4649604906771128     
  -5.5313656629283073E-002
  -1.8486131652181890     
   1.5160600519046723     
   1.9246159812894310     
  -2.4979336343889509     
  -16.947509901408726     
 -0.33515036142239985     
  -8.1226792651549806E-002
  0.77966362133127409     
  0.27950832172098844     
  -2.3046663046462310     
   1.8643569433852397E-002
   1.3899869531181184     
   1.7581937021541614     
   1.9720225167733036     
  0.38738333367261180     
  -2.2096018391376950     
  -1.4759250547237902E-002
 -0.42329984821228844     
  -2.9193678694492351     
  -10.243985837875790     
  -1.0587532935500306     
  -1.1414421334550067     
  -1.8691867743151436     
 -0.61375634837766735     
  -2.8936439901470652     
   5.0610059529015166     
  0.25562249602682857     
  -1.6038058502614523     
   5.0125730884910045     
  0.78082442408425168     
 -0.14140650644703312     
   2.1913454877376890     
   2.4779815729562698     
  -10.788674849942772     
  -5.8391306824698203E-002
  -3.3558318496577999     
  -9.7582613376354388     
  0.60089067105529037     
   6.0808968748343757     
  -6.3530206244079093     
 -0.30758652775911710     
  -3.0097491580738933     
  -1.5394564402481932     
   2.9151682713610239     
  0.98133366020718615     
 -0.12983945176897646     
   1.4518622579708069     
  -2.3066680883843365     
   3.5229046685238776     
  -3.0739092605780201     
  -2.0482668650712967     
 -0.20578513607388527     
  -3.9966478921215831     
   17.725181383664438     
  -1.9320206384580272     
  -1.7309783985595812     
  0.32077365471443098     
  -2.0491121515590578     
  -6.6860363706524444     
  0.37569747942479059     
  0.72120034170344249     
  -1.6325634326985772     
   8.1638469598130357     
 -0.32058282225991330     
 -0.93844330602356207     
   1.7401707702214575     
  -5.0879817757783510     
   7.6314022225660139E-002
   2.0909196231618958     
 -0.48711869263466595     
  -1.1022983375755560     
  -1.4371250863825671     
  -3.8414359698280109E-002
   3.7437358732456771     
  -3.5284960376292918     
   8.1268055516992437     
  -1.4906676300024191     
  0.24290420148013278     
  -1.2981782988470409     
   13.458234198506172     
  -6.9582185218230732     
   1.1902746926127248     
 -0.29134813040311025     
   1.5763625529770620     
   1.9828054594961984     
 -0.77189530298922238     
  -1.6773041106098194     
 -0.73465318322236028     
  -2.0298389590355632     
   8.9991134811468267     
  0.59259627736853182     
   1.0833860046362043     
  0.53546280680247893     
  -3.0709776423549591     
  0.22070265863736171     
   1.0600987426067863     
 -0.88715873197906370     
  -1.5657487025265591     
  -32.457651307813244     
 -0.74997093388369673     
  -14.549249347504473     
   1.0844384881915290     
   25.647234753926973     
  -25.520182501929629     
  -1.5853042425472730     
  -1.6347017929824805     
  -3.9199608081863295     
  -5.8040278098721982     
   13.925041060889965     
   31.266243804004091     
  0.24873023430176336     
   6.3473362671274378     
  -3.7243283353432215     
  -1.0033207101752606     
  0.63102978510297492     
   9.8353824605030145     
  -1.1478965784214004     
  0.37269929191070178     
  -2.2735286579135838     
  0.66078673523461318     
