   11.838441721383941     
  -1.9682249493577699     
 -0.95900263468292191     
  -2.6603355469424321     
   1.3949236315704665     
  0.79735914226652138     
  -2.0026159106270534     
   3.0049750364781960     
   2.7810853493573164     
   18.533047945866684     
  -1.2747456304203479     
 -0.23604652439418028     
  -2.2665456091121943     
  -2.5373531567999716     
   1.9842932381919101     
   2.1593557431238621     
   3.1540064769755922     
  0.82849929544135070     
  -13.117949426190210     
  -1.5063826854153712     
  0.11742716304815937     
  -2.2240461505985869     
 -0.18459858660683853     
   3.7820593929709001     
  0.84909947224515203     
  -1.7258183254588721     
  -5.0027929522198669     
  -2.7346688007733260     
   8.1686613662793922E-002
  -3.2751069281966134     
   1.3060757959119034     
   5.5707367969606922     
  -6.1738484711336206     
   1.8716028284685549     
   4.8095555808372978     
   4.2304791489331874     
 -0.78953742165563445     
   14.768516469606626     
 -0.33684235832268716     
  -9.8363909015162481     
  -1.5987445777252418     
  -1.3022872749694938     
   36.589820923327366     
  -7.5351683214867871     
  -1.2161325267668710     
  0.67510115207975885     
 -0.30637807348731466     
   2.6526768394907680     
  -4.0131757576745182     
   2.2374994339098659     
 -0.39804196147897930     
  0.23400820209928089     
  -15.420116991476332     
  0.77981444296158531     
  -5.3697362095179679     
   1.1838570935464465     
  -1.5147260621169774     
  0.28200476935136015     
   2.3941638102293630     
  -26.349581251352809     
 -0.51865525318927075     
 -0.83062869020298791     
 -0.50610281273659408     
  0.22686028195378127     
   1.5124964075501162     
   2.4708977462339266     
   5.2558866786573422     
 -0.67022770504725049     
   4.2053028482939956     
   1.7592195742163272     
   5.4327447197025789     
   2.8737062308956065     
  0.25771109470797837     
  -2.0226677788609808     
   16.762119260325800     
  -1.9895294747547769     
 -0.72543251035936440     
  -4.5345162055117454     
  0.11397505199023572     
   6.0852301741592049E-002
  0.23906402101995949     
   1.1983651005292273     
  -5.0813581952949494E-002
   1.2972181706831403     
  0.22330428502207900     
   2.7370349177613256     
  -8.4161779558176678E-002
   9.6600928490021970E-002
   1.3806942408047722     
 -0.40577409208912052     
  -2.5900428697980367     
  0.22248600087878645     
  0.64627402201049711     
 -0.28688940671572483     
  -1.5295218765987113     
  -2.8562691506676119     
  -1.2870381329759237     
  -1.4828150176235382     
 -0.15385586863075362     
   1.0370384845705911     
  -1.4346420856465047     
   4.2069382552033519     
  0.59112316665220788     
  -2.8448843910390185     
  -2.3241116019507819     
  -1.4481685237193451     
 -0.77982602817604108     
 -0.27817081715606418     
  -1.5277479216718870     
  0.36873594731812576     
  -1.4768547091233180     
   1.8571595636221798     
   8.2171682536837274     
  -2.1743991960446931     
  -28.298511217184782     
  -1.8430474218985455     
  0.15925407608093312     
   3.1657762680117916     
   5.2196096012460922     
   1.3536141180625059     
   1.3735024198069952     
 -0.79953299208466022     
   2.6769754599410827     
  0.44974026674440537     
   2.6706067030193275     
  -13.571501381734294     
  -4.7333591995880973     
   1.4394456419980854     
  -2.7808724826104614     
   6.4515112096100752E-002
 -0.14238116492196790     
  -1.8170220602273912     
  0.37088025959371801     
  -2.1832056183920217     
   1.7087278131569592     
   2.1341032841905254     
  -1.4328288848253887     
  -1.6190345989274716E-002
  -2.5494917623600601     
   1.7296391180276689     
   1.0895374232146851     
  -2.1761714987988361     
 -0.66647401169374598     
  0.28294742512600346     
   2.4244495072752255     
   1.7899739080065338     
  -1.1298595922896177     
 -0.28299035563219876     
 -0.91021770640734756     
 -0.29279628579911710     
  0.78737706632512672     
  -2.1822688215001311     
  -4.2282053618247426     
  0.90599617179243885     
 -0.64856494846744628     
  -4.2386747487991903     
  -2.0111509734636184     
 -0.16021739998203688     
  -2.0891105557445973     
  -1.9460236187281339     
   1.7854839797299189     
 -0.32690810608528487     
   1.6615082964537220     
  -3.1891153999403254     
  0.40322055954882241     
  -11.746411994147195     
 -0.59521687159036663     
 -0.50250296556855023     
  0.58599997295416772     
   4.2658369938701828     
  0.33289719205911383     
   1.0320995303507010     
  -1.2395732175008092     
 -0.21579237661224665     
  -7.9405815132184587     
  0.33870475651613663     
   1.0379670936177068     
   1.5082358101974549     
   1.4000383700878418     
   2.2005936950500087     
   2.0267610175363897     
   2.7684420232875229     
   1.9635790012672896     
   3.5810644930284159     
   1.1002222698882398     
 -0.27484176034034530     
 -0.88600348135799312     
   7.9216292269943450E-002
  -1.6107327880619908     
  -1.1333612810146521     
  -21.400773024699724     
  -1.8317255350679811     
   2.2494296938562437     
   1.6097609907978219     
  -1.8377388253128504     
   2.2558097422285632     
  -3.3019462070784886     
   1.6155533983108536     
 -0.96371360547688401     
  0.18607388064319338     
  -1.0259733617435476     
  0.11711830022311212     
  -9.8340817116782908     
 -0.28153258333363973     
   1.1745118148182156     
  -2.4118766817443675     
  -2.7110515792420289     
   1.1443201389713433     
   2.2851942551273929E-002
   2.0037530273048376     
  -2.7317406959519452     
  -1.0397564775957291     
  -2.0205906121463784     
 -0.48442500588096910     
   1.4388096971186672     
   2.0731861357554031     
  -7.1459007933364873     
   1.0613115220399021     
   5.1509082482001132     
   19.380326559386965     
   2.3359619479308238     
   1.2148473363554468     
   2.3116333639001518     
   2.1910533990646370     
   30.371851315815718     
   12.401592718457277     
   1.4777388193963963     
   1.9372402721701336     
   3.2918552998926591     
  0.28730660362720972     
   2.3651728183530358     
 -0.90280761786248842     
 -0.74872833575505493     
   15.019349265968955     
   2.0770329053686902     
  -13.225102783770748     
  -9.8262118406353571E-002
  -3.6580986708863890     
 -0.35816524547054657     
   3.5826692210128273     
 -0.90236009483475854     
   6.1311852113183392     
   1.4094292037980976     
   2.9569596761619028     
   8.0249504786863213E-002
   30.805055963973992     
   2.4336368369096917     
   1.2525908221354847     
  -1.0808115093261310     
 -0.97260037296086332     
  0.53056133558548191     
   33.561916200108350     
 -0.38883350275231299     
  0.54587625314781230     
  -1.6547120460159848     
   2.2377859913471050     
   1.1460951557104702     
  -1.1314231121078409     
   2.6608218313298084     
   1.8580638632008366     
  -4.7706078031541699     
  -7.1338071381066932     
   1.0152572373579696     
  -5.7012504128275632E-002
  -13.835466514188091     
   12.843164224305516     
  -2.6711408171777524     
  -2.7878847400814970     
   2.6458737266718302     
  -2.1187986589872709     
  0.43735426147592865     
  0.15913147232502056     
 -0.22380249037152466     
  -7.6086535744750252     
  -5.7473667643880143E-002
  -1.6840640189047358     
   1.4048185430890754     
   2.6505446835949860     
  -1.7745296252560383     
   3.2275408389965472     
  -1.6104768335757405     
 -0.29616354766328457     
  -1.7007853844694782     
   9.3179028717416355     
  0.36535684592791906     
  -1.7835082230405441     
   17.294250240037670     
   1.3413953596632924     
  -2.4137084602653252     
   4.4914387566543637     
 -0.13691062202039370     
  -2.1921907829654206     
 -0.22838785127643113     
  0.15162418710049447     
   1.2488178730667356     
  -1.1194064399309820     
 -0.33020351743489668     
  0.92329289312848950     
  0.30314237144086759     
  -9.5814786620316177     
 -0.25520171806128766     
  -19.816368880863077     
  -3.9528544549505544     
  0.48128481931585970     
   2.3780157625945542     
  -14.060725469312356     
  -3.0943379980967229     
  -6.4986816375234406     
  0.82229057368466629     
   1.1368239568957401     
  -3.2045762483568825     
  -3.2650202620610864     
  0.79510007305756936     
 -0.96271290549223898     
 -0.42566919646901891     
 -0.13137896162548368     
   1.7665083896571390     
   17.462171486155558     
  -39.631836605498364     
 -0.95827755461635278     
   9.5344538001750472     
   1.3109066774464257     
  -2.0133445648906396     
   2.5528509583360877     
  -11.686311103293910     
  0.22651787061655870     
   1.2027412346211510     
   2.0526321138582588     
 -0.22056909721675896     
   7.4362595529592159     
  -2.1294580143427595     
  -1.1740370110764742     
   2.9696843599377147     
  -1.0980431437861766     
   1.2006121808175250     
  -1.3715369104948212     
   3.4483487864429865     
   2.6661516815208306     
  -3.3566091360131081     
   1.4811779346441314     
  0.94984748363202620     
  -2.3682857257573962     
  -6.3193981201440881     
  -1.2809064194344189     
  -8.4305259548680400E-002
 -0.51491581772037254     
  -1.7010763195120626     
   1.3061882667331548     
  -1.9744080448064909     
  0.70182715273665452     
  0.44310688291341654     
 -0.79240945708285515     
 -0.21673066813308006     
  -1.9620431051427150     
 -0.52326487451841608     
   5.5111406453597273E-002
  -1.4464949633597028     
  -2.3596713614093328     
  -5.8042486015364627     
  -2.4240949551780373     
 -0.65813280841660915     
   4.5941676341559727     
  -2.8628145202513964     
 -0.81158374564369018     
   4.1193757801015121     
  -3.0767237032871804     
   1.7418649231683072     
  0.85101460305398580     
  -3.4616544597649925     
  -1.6502152722066117     
   2.2454569576962879     
  -2.3689106249202547     
  0.76927293815529751     
  -4.2821896664231682E-002
 -0.14733155995720670     
  -9.1303949681829408     
  -2.1278578452669445     
  -1.8897818426415549     
  -1.5151054213945492     
  -1.6951825031992920     
   4.6201464375703267     
   1.0725536418932877     
  -7.3499703987288570E-002
 -0.49339071466059109     
 -0.29560726962956796     
  0.69241607940109406     
   2.9109914460271957     
  0.38654221151749885     
  0.97057013873548692     
  -1.3018682969929030     
  -1.2369608017971783     
  -17.311499933990586     
  0.66163684191499428     
  -5.1942940102955228     
   3.6491499070196873     
 -0.19793752358876340     
  0.49945503829343629     
  -18.082271375316868     
  -6.0597712194769761E-002
 -0.13345002853728979     
   1.1614454153909186     
   1.6089438381163603     
  0.46677566208901977     
   5.7679308406541665     
 -0.65165311143695392     
  -2.0214337271431613     
  -4.8585934726629150     
  -3.0075413433363734     
  0.44140312481324540     
  0.60752266622186313     
  -5.4429376786473078     
  -3.5815425048825644     
   3.2478050336124622     
 -0.66644151895892945     
 -0.98701264913600406     
 -0.73544484183817238     
   1.0833583651726442     
   1.5802387377226965     
 -0.93634800462456380     
   1.2174648052119270     
   8.9951016194629041     
   1.1732445708637962     
  0.66692482364751704     
   4.1722147573750377     
   1.5270540368794616     
   9.2871057858218258     
   39.156921307425932     
  -14.660393936751342     
  0.24208871395458384     
  -2.9925728474661351     
   2.7245036707587418     
  -6.7793224242259438     
   6.0654178492704744     
   1.8479154507922977     
  -1.3734079782366972     
  -1.7096198073195925     
 -0.19669089521338490     
  0.17392781013701311     
  -1.9029223040010526     
  -2.2118047425056533     
   1.1006464149100397     
   2.0902050048273306     
 -0.86363120429199869     
  -1.0261644123633391     
  0.49883648039455603     
  -3.2350257348058142     
 -0.35402534284845094     
 -0.25417239115620266     
   9.4358536742223631     
  -1.1941187925225194     
  0.26776408889478132     
   2.2852275729386584E-002
  0.37173671708517619     
 -0.77791487207390730     
  -1.2751854783312218     
   3.9339372514241169     
   3.5980087627252462     
  -6.4495493570177649     
  -6.7913261264028062     
  0.50226408041347381     
   1.4205263072210075     
  -1.7475998835275968     
  -1.7642665320420921     
  0.30856243196328176     
  0.24724943212909634     
  -7.2989365794943334E-002
   1.2303723092120473     
  0.54377374611793716     
   1.2887370547197912     
  -4.0967966011670960     
 -0.71257529782579798     
   1.0201002169858473     
   14.209208936360806     
 -0.37645579789776173     
   2.8202869191009148     
  -2.0779755898360186     
  0.62375521342977480     
 -0.30475305932435170     
   5.2779251296861336     
  0.70476778136494755     
 -0.98374304740856178     
   6.5441052354232587     
   1.5312806730811670     
 -0.21142703787085185     
   11.755605823223567     
  0.69570697265447412     
  0.64882330325247872     
  0.84131355652187123     
  -2.1359423167202642     
  -3.2108760873585107E-002
  -2.6220494038605313     
   1.0437435393093288     
  -3.5208358056174358     
  -8.7000706284453055E-002
  -7.6707870393066618E-002
  -2.0971455406754473     
   1.7790160912144386     
  -1.4816229535504983     
  -2.3389527833529127     
  -1.0936161856511792     
   1.0469901458457023     
  -3.3208383278548008     
  0.30702611051953788     
  -1.5837923142816175     
   1.2293067590428648     
  -2.8302815283081961     
  -1.8880223278533921     
 -0.87072435295797646     
  -1.5164317785679664     
 -0.64301011558145083     
  -2.1982549076630584     
  0.88605116998185773     
   1.8829962237478182     
   8.1932926627744145     
  0.67922407990630707     
  -1.2177397036711171     
  -10.692998498102748     
  0.66756164257501949     
  -16.696134674320167     
   5.0998607296363323     
   1.3965059512567923     
   4.0928808059477602     
  -1.0530082120155881E-002
 -0.25686702805006317     
 -0.72239967830434038     
 -0.39138697561388325     
  -1.4517101970664192     
  -1.6377259154505845     
  -1.9354963970246846     
  -2.6450181375690587     
   2.4558023831384617     
  -6.2142715969703576E-002
  -5.1299339250278408E-002
  -8.0423369323639804     
  -2.8855682367136111     
 -0.53108754290373739     
   2.0232849026451962     
  -4.0402947665834548     
   7.9950672299344481     
 -0.87000963071766890     
   2.3751894977439743     
  -4.1466137019411482     
  -3.3024448422967989     
  -1.9383847036740580     
 -0.75066738718468806     
   6.0025648473384798     
   1.2437612496083730     
 -0.94066803204181282     
 -0.84232666235675047     
 -0.66603649742613802     
  0.48602824671792072     
 -0.27059217175246919     
   1.6686269475583726     
  0.34979999613458901     
  0.20467675090875581     
 -0.99351071756490339     
   1.3589413935872230     
   1.0652218727237428     
  0.30859141308216598     
  -5.5136876159780543     
   8.0442451700265050     
  0.87134436061513032     
  0.39954356301114419     
  0.56935207659657727     
   3.4114005741987388     
  -4.1832394561915187     
   1.7254984636865840     
  0.97397366328193680     
  -1.7906759050832757     
  -5.9514090885244721     
   2.4941442673164032     
  -1.3154607270668757     
  -2.8256365594213229     
   3.9365837699177462     
   1.1234812539780328     
  0.81410592747669352     
   1.1703174915183949     
  0.97438815243157795     
  -12.823840557912362     
   1.4868869392732791     
  -4.2284774664833753     
  -1.5071391926997673     
  -5.0722018020630690     
   3.5191854811006316     
  -2.5217985073233606     
   1.5252389297141162     
  0.21690662501998120     
   3.5928581357799474     
   7.4156121968562649     
   12.317899286891922     
   1.4049885673960125     
  -4.2275289991774541     
  -1.6477400604956782     
  -2.5839804708068805     
   1.4330367539000410     
  -11.184705925927130     
   1.5622083163119806     
  0.75532547507807657     
   1.5032074759190575     
 -0.19482697391558390     
