  -3.0816160397947887     
  0.41724004570353035     
 -0.77494392372118048     
  -1.7572734683517921     
  -1.6254445502278991     
 -0.41348476562995651     
  0.80646401920831168     
  -1.1053929759748176     
  -2.2422484642900247     
   6.3108682636446316     
 -0.17308270552299393     
   2.2308950625684965     
  0.37252139090170000     
  -1.1204174034661529     
 -0.62740893272504117     
  -1.9112269065412166     
   1.3019738652101267     
  0.49658263034164585     
   8.8810947844345236     
  -1.1482982557109003     
 -0.84402911053436458     
  -1.2083687604916840     
  -1.6298265586958598     
   4.8554631530012582     
  0.68540945609523296     
   1.2582586689577995     
   1.1551687319783237     
   2.3749485951788696     
 -0.69972869132024829     
   12.248810932001145     
   1.6878475794474164     
  -10.654161990142825     
   19.813092712871704     
  -7.6510213460794674E-002
  -1.9677794888246529     
  0.24786543605773736     
  -1.0691762567556098     
   5.6746642062473747     
  -5.9890984846913939     
  -6.0489730196543743     
  -1.2127007213505971     
   1.5575677033288322     
   49.327478703629630     
 -0.22380149262601104     
   2.4187818386061171     
 -0.50632000388744824     
   5.0023823027596087E-002
  -2.2651898852440304     
 -0.88850166110105044     
  0.20985468715117273     
  -1.5939975031943465     
   1.7495723358468704     
 -0.31478655689346802     
   2.8821056366092672     
 -0.77050861906622825     
   1.5305130229461787     
  0.53839222004630805     
  -1.3241469063846139     
   1.8320037371805511     
  -7.0858048653720456     
  -1.1896593413209124     
  -2.5149611450571072     
   2.4123116724049480     
   1.9858937822698770     
  -3.0299589410538283     
  -1.4687918155687609     
  -10.481377166966402     
  -1.7848734764626089     
  0.75133871615248848     
  -1.0267379503977609     
 -0.71769898515436170     
 -0.40484055294321497     
   2.0637363722331141     
  -1.6865267903386023     
   1.3455867398902894     
  -5.9488575605111098     
  -2.7446933822580233     
   3.3807375293448505     
 -0.79817203447478668     
 -0.39162332706165937     
  0.32633011103256815     
  0.83941728978692631     
   1.2058609305088615     
   10.794490431542394     
  0.92403863292480926     
  0.86701961186394949     
 -0.79723773214454730     
  -2.2280633644021171E-002
 -0.46349174282243866     
  0.25866543029008227     
  -3.0485570323671247     
  0.15743892485867539     
   2.5264694707637685     
 -0.96958860623447662     
 -0.94696875135456149     
  -1.6338677621928730     
  -5.8336267006431886     
  0.26052176545277117     
 -0.70754394729698700     
  -2.0436943822543827     
   11.352743887516997     
   2.2363173079804595     
  -5.6805031426361392     
 -0.93576015407806179     
  -1.7738044843668901     
   1.9766812106259206     
  -1.6427295687780457     
  -2.0524859782611680     
 -0.31920615634321026     
 -0.84077886395726253     
   1.7234387065044483     
   8.8385584944373596E-002
  -10.853586888729568     
  -1.9075080465009888     
  -3.7283021381479440     
  -1.5841122919993398     
  0.20005859141171686     
   1.5933074998267891     
  -9.7249863630542972     
   1.5390486050293315     
  0.48924529139007555     
  -1.1609419765225821     
   3.0831629913940626     
 -0.81965738901074958     
  -3.3198321375448048     
  0.80157800827938885     
  -1.6075206654383294     
  0.77128560802615764     
   1.2183555095400875     
  -3.1075934453791785     
  -2.8053950345371179     
   2.3629605616258189     
   4.3719160854053856     
 -0.17857778700793189     
   4.3883044182512077     
   1.9669389754003794     
  -1.2215363902306675     
  -9.9127048273827650E-002
  -20.682737840943645     
  -2.3690998901187608     
   4.4306083514761561     
  -1.8431091685183938     
  -1.2383404039989538     
  0.47058005960670601     
   2.5277337542055967     
   4.0214813575473460     
  -1.8451422495123002     
  -1.5343712274128738     
  0.87198654071900494     
  0.37982432953031786     
  0.34910359090083232     
  0.99548103126181786     
 -0.46569209920195115     
   4.2324081892059873     
   1.7140664057487007     
  -1.0412517744631482     
 -0.11840041771869379     
  0.91631069584437752     
   1.0427559267873912     
   1.4903828403556196     
   2.7114299151967312     
 -0.51690905105180507     
   3.1604235868170409     
  -2.7828386098616865E-002
 -0.82722545403008552     
   2.1817373034229561     
  -2.1777712076467726E-002
   3.0591628277909755     
   1.9348691995922906     
 -0.29831491345460620     
  -1.4305068902450226     
   2.1851435779592423     
 -0.21312463850075111     
  -2.5961172919909901     
  -9.5792160734333525     
   1.1302364668036431     
 -0.68992394225685238     
 -0.49238186545450968     
  0.80822144208234148     
 -0.42355548725153458     
  -2.8175493287118791     
  0.77206093755233063     
  0.48937866731548230     
  -10.773225168198550     
  0.70890293724060327     
  -3.6401472647456870     
  0.20918930393755911     
  -2.2878305452040961     
   1.9427717969182761     
 -0.45150723166426754     
  -51.618140842768859     
  0.13272912747334067     
   2.1410478554518679     
   1.8372167888331072     
   1.4795336437457762     
 -0.80933343799595536     
  -1.2741439274719508     
  -1.8772967784626833     
   1.4365766993600795     
  -3.1258215791432407     
  0.16544810399934640     
   1.7591351058817766     
   10.944665647961022     
  0.18032517782401247     
   2.7808143214898164     
  -2.3512746448171833     
  0.15268471945363971     
 -0.14462317135086183     
   3.0171748416447617     
  0.26695786114081366     
   9.9126799929159990     
   3.5631579412907426     
   1.3295082542579462     
  -2.9552362534090055     
   3.0375126189563670     
  -2.8673137446737305     
   3.1456031932593200     
  -1.3073676214199677     
   2.4006595914216335     
   12.212876099666968     
  -2.4307196862469764     
  -2.4889296178395517     
  -1.6696831119513034     
   1.2871823158926603     
   5.6508010367567714     
   4.1662970340048677E-002
   16.860608199214525     
  -1.0420907703315634     
  -1.6879159390936478     
   1.9170607321218602     
  0.78548605394601689     
   2.5169770523811033     
 -0.84763196444188416     
  -3.2454781316318613     
 -0.78217535866181254     
   2.4156856207928668     
 -0.98921125881259386     
   3.3721933621738964     
  0.19242183543987221     
 -0.86800932935247388     
  -1.2021219505917273     
  -3.2846600112883211     
   18.229032133653082     
  0.98304373596791483     
  0.21175237388981266     
   30.283415110769088     
  -1.8973527274784547     
   1.5305578554026074     
 -0.74796628632176487     
   1.2611709846519985     
   1.3470021112966486     
   9.7893608021240865     
  -5.1273040690525233     
  -1.0992268267491538     
  -1.4824285983369379     
  0.32180271890000822     
 -0.11738648248999820     
   2.0699016491584352     
   16.266972122720311     
   1.6111910956927517E-002
 -0.25946596810925793     
   9.9098270914427520     
   2.5669687199750717     
  -1.3876108284606627     
  -37.092685850780036     
   1.2462885163962876     
 -0.86641832160813637     
   2.5259235737403976     
  -6.8913243289879550E-002
 -0.64796288310098960     
  -1.4932541654964104     
  -1.2365017975707424     
   3.6780226260010909     
   12.831600294317200     
   2.9404232970638216     
 -0.41319078043156532     
  0.30442340678623941     
   11.159357227056011     
  0.74781638210986490     
  -14.938393231056628     
  0.17885523280886151     
  -7.8983699237621199     
  -3.2356191615360186E-002
   5.5256770463996512     
  -1.3021236905003983     
  0.76588173993900044     
  -5.1205321364357310     
   1.0585994474110236     
  -16.795362394005640     
  -1.4077637731607022     
 -0.10553948181758140     
   1.4015211838240507     
   1.8957265102273271     
  -1.4862512046562373     
  0.40189872920095726     
  0.11764024808454081     
 -0.47554980810757141     
  0.46226142634092898     
  -1.7892095328518438     
  -21.600617697815007     
  0.69863739592867757     
   4.5150843474653382     
  -2.1551502616926967     
   1.2966854841564146     
  -2.1820329880681961     
   27.281751812588272     
  -3.5038747044840268     
   19.053118305362705     
  -3.7579474563425888     
 -0.85086573183535053     
   5.1556438442781465     
  -4.4352600268905036     
  -3.2189403253172251     
  -1.8499523952141246     
   5.7617087875635526     
  -1.6255653670385770     
   8.2492057834404914E-002
  -2.1731046999709203     
   2.5161571906173470     
 -0.54613869351210031     
   4.3028481249251866     
  -2.4534890029113288     
   4.0157910818979881     
  -7.3869235197257688E-002
   2.5624903042807698     
   1.5972406491144351     
 -0.62135595162315971     
   1.5216925195691235     
 -0.89088921326418125     
  -11.278513741973157     
  -2.1151736666483947     
 -0.35170619054021268     
   2.7686045454437123     
  -1.9314056688502859     
  -7.7318935797437929     
   1.0190718550913824     
   1.0829627225317304     
  -8.9518406262132402     
 -0.26891429204080181     
   1.0009769288955213     
   3.3510046269126885     
   2.1599680266625221     
  -10.431943373527540     
   5.4141292766929183     
  -1.3351618691489422     
  -1.7190300353423940     
 -0.21721414227938374     
   3.1941483204159020     
   7.2972429078124679E-002
 -0.69357121600324545     
   2.4012384870090346     
 -0.57606506309685968     
  -4.4669369992184347     
   9.2818316659873112E-002
  0.45705799269008940     
 -0.74067007226451698     
 -0.76720882920044942     
   3.1275460664072767     
  -8.5206352593836190     
  -2.3221681729430084     
 -0.81919292137043198     
  -9.1740289918514151     
  0.75205808815678254     
  0.61487364673841083     
  0.21051424787129674     
  0.56080585345108247     
  -1.3332513234751930     
  -3.0312473367519974     
   8.1858789379855814     
  0.50992848145298875     
  -26.157177138654507     
  -1.1361792089399074     
  0.25588781038639202     
   14.050439925359241     
  -1.2991816070001245     
  -5.0205608838548290     
  -1.5312935291697751     
   3.1845267460321924     
   7.2496019980679698     
   3.7172486023846250     
   8.0523044377039366     
   2.3076698041530119     
  -3.4448474668699429     
  -1.3471006174100459     
   2.0440201443720509     
 -0.39141825284897969     
  -1.8895137042145136     
   1.4894813707485604     
  0.20638557590661272     
  -1.2929296854830599     
  -1.4728256897800156     
  -3.0758802280178248     
  0.17936792322209835     
   5.4777679199542586     
   18.728905811697828     
  -2.0195979864703877     
   1.1134603556125864     
  -7.0870517353032128     
   5.8794900348305310     
 -0.75416022283571404     
  -1.4164310344796378     
   1.9370758534023107     
  -1.3008051626733876     
  -19.123108307917033     
   1.6149411436241110     
 -0.75165256088262056     
   6.3962428235775493     
   3.9777997010128718     
   3.0425916387639158     
 -0.45828611580526230     
  -6.4387087408561490     
   1.1930864002696944     
  -3.5283992320826014     
  0.70691987620217256     
   1.3506565325235995     
   2.4691036031563005     
  0.83349397178069196     
  -2.5058390500121037     
 -0.40526535675577113     
   1.3828839085059452     
   2.8199481646107660     
  0.23182419344610028     
  0.94988042758570013     
  -4.7971746527502548     
 -0.12398972212689163     
   7.7049812748329281     
  -3.2547019203628618     
 -0.92616514548975171     
   1.0295455025940676     
  -1.5204761404430693     
  -5.8292588192984010     
   10.054482247739863     
   1.3947496878994761     
  -2.7056766608348881     
  -16.018506777589497     
  -1.0702825772614784     
   5.7664150708382184E-002
   1.0171674419156718     
   2.5717853705331262     
   2.5342666901512430     
  0.38273827315737480     
 -0.71519289460092805     
 -0.13426630220289917     
   1.7337505156529847     
   1.4800954335550969     
  -1.9421039152637027     
 -0.30998695001934595     
   3.1611178049799107     
   4.5815794382360258     
   1.5055743492923623     
  -6.4822194558540824E-002
  -1.2872780545921394     
  -1.9444283062154470     
  0.55429319922776987     
  0.86033926474894251     
  -2.2139504706218971     
   1.7533528676543748     
  0.56100013680267602     
   12.246124758608770     
   1.0974868379678331     
  -1.8168660004073889     
   1.7156999600967708     
   2.0909129990629660     
  0.56628443859292110     
  -1.1610682273975665     
 -0.99500035322848601     
  -3.4173922594232797     
  -2.1969182534346277     
   1.3011502921612239     
   1.3336590842648426     
   1.8500401994738791E-003
  -2.1645567980126117E-002
   1.8954954009916229     
 -0.26863621275856431     
   5.7908757652525011E-004
   1.7756360267339006     
  -1.5212004290375334     
  -2.1756586221074441     
  -5.8633867453225381     
  0.35528848409512759     
 -0.92602928037999699     
   1.0262518192049863     
  0.85807091394571966     
 -0.62433399490145203     
   23.607939675861765     
  0.75403120065461715     
  -2.9544209812918121     
   1.2090815964067003     
  -4.5215931966453962     
  -1.5543406328515703     
  0.66793662862898795     
  0.44888668345104926     
  0.13394847009950556     
  -1.2814872611154262     
  -2.1159832654857667     
  -1.2542602492460371     
  -1.3944400938740602     
   1.3599911250168508     
   1.1395251367755475     
  -14.448840342415945     
 -0.54253975348573114     
  -3.4974702381151581     
  -1.5278701228722564     
  -1.7869333731142509     
   4.4077604014580558     
  -3.5694992509177159     
   1.5723927177941541     
 -0.44050605146580646     
   1.8353737254880758     
 -0.46566202855016919     
  -2.6727796713967740     
  0.62380923650648623     
 -0.20170316024144802     
  -7.0108496745741640     
   3.4753508003614573     
   2.1700025168913633     
  -21.539248716483058     
  -2.7804834962678422     
  -1.1699384813269538     
  -10.241164281303085     
  -1.8727028680393893     
  -5.9024505365189261     
  0.40458522306250977     
   1.1780185296103034     
   1.3602986986032477     
  0.31060736082251283     
  0.27990567759943324     
  0.47341932647147278     
 -0.75679181086225167     
  -1.6564321343892447     
 -0.79674843097481984     
  -4.7861435588226822E-002
   2.6090340173099884     
   14.146459355747226     
   1.1704283561083262     
   4.2684757541366629     
   2.4255087308396508     
  -2.3282405788235727     
  -9.7023419288984218     
   2.0444898971707191     
  -4.0370175338154075     
  -2.0690198485770264     
  -8.5625121021267798     
   1.0082917575374346     
 -0.37573915980921091     
   2.1545671243825999     
  0.30217889939058351     
  -1.2314361597446646     
 -0.62334209764171156     
  0.85682423859432255     
  0.54037230073951625     
  -1.1724866696280016     
  -1.1559598542085219     
 -0.36493073915324381     
 -0.49107537086586084     
  -2.2618067298238946     
   9.7515215004990469E-002
   1.0268521626694314     
  0.73475308443775023     
   1.9778683633024750     
  0.34493488591298194     
  -1.1737413645047594     
  0.32471368255125216     
   1.8532550404276540     
  0.40970822981351507     
   2.7261215461415920     
   1.4123459587626250     
  -3.3536031798748689     
  0.84850633639276640     
  -17.975575792215324     
 -0.85976792637226884     
  0.93844925784226507     
  -1.1968932303049693     
  0.42256004033334837     
 -0.99792702335367389     
  -2.4167695040183292     
  0.92974047235140755     
 -0.90284337260578718     
  -1.3001059997847313     
 -0.29748293384242996     
   7.4663176377796336     
  0.53562089844397942     
  -20.914909584968129     
   31.884562468599185     
 -0.57951138830991344     
   2.2881146982879192     
  -5.3186619449532992     
  -3.7199060487375313     
  -8.1191935674284963     
   2.6667707205328659     
  0.83533063158091447     
  -7.0804541745764906     
  0.55776405864505696     
  0.69950410958602038     
 -0.36616777467115413     
   8.9483486157372276     
   1.1274817572531515     
   1.1913564611583485     
 -0.57897938301150664     
   3.2498568851717846     
