 -0.51259316384101228     
 -0.48643083246543145     
  0.71603148844035691     
  -2.4177276207828098     
  0.25550691177387730     
 -0.92776319927035578     
  0.11668150501879150     
  0.64062881732530264     
  -4.6022282007413332E-003
 -0.21247377061054659     
   1.3630291188399448     
   1.3997088524793393     
 -0.14966889573417155     
  0.58395627165343944     
 -0.88816759345036878     
  0.35291563305888418     
  0.81637463204491534     
  0.94692068527495188     
   1.6982604235991743     
  0.75429110035660085     
 -0.88319605289384573     
 -0.55329713704561623     
  -1.4767705610115491     
  0.50552785350291107     
 -0.55003649134349752     
   3.1133847096805204E-003
  -1.8063963275528374     
  0.64683682478096360     
  0.99561205092313620     
 -0.13886937613831668     
  0.32110345168427662     
   1.9209677593726742     
  0.72027991590787099     
 -0.99706632821094898     
 -0.85039170197657887     
   1.2435341410370191     
   1.2692337442581090     
  0.16972042727571368     
  0.63504197473688773     
 -0.75896499773833548     
   1.3997636261227682     
  -5.4505879956350971E-002
  0.76415428910504068     
  0.20074239716894091     
 -0.11473966652089777     
 -0.31051556739779157     
  -1.7908976898862727     
  0.18489018599938803     
  -1.9687420143941250     
  0.59055791498618104     
  -6.2392454138799118E-002
  0.70186981550161920     
  0.41997430282674747     
  -8.3462433166677230E-002
  0.73634167502655956     
   6.0832948321511558E-002
  -2.0325489592677037     
   6.8672925552864611E-002
 -0.43614269747415391     
   2.3372808235502407     
  0.23036959725734485     
  -1.2559931872812888     
  0.44738107313737341     
  0.60870453653032019     
 -0.85800101021654607     
  -1.7936476338222580     
  0.79350968726514159     
  0.13320349667481829     
   8.6786507534973828E-002
 -0.11699462251041441     
 -0.85565088366622577     
 -0.63028707149580165     
  0.89155990914872618     
  -1.1592404309338038     
  0.37292226777430537     
 -0.18042782356395282     
   1.8723832522775818     
 -0.24698880742728868     
   1.4747007352817880     
  -2.0926523145320930     
  0.66202901059011954     
   1.6060050232250098     
  -1.0685385445068210     
   1.2078151948178655     
   1.4430731543156139     
  -2.1909186447470992     
  0.95525677858666647     
 -0.47149015235070740     
  -1.2434475403039731     
  0.97010049560801570     
  0.94584192620546537     
   1.5510733079272430     
  0.12110071832591288     
   1.1803227501595650     
 -0.42745302052969819     
  -2.4153711189945373     
 -0.59799781851008593     
   1.5567649031490467     
   4.5687850103103160E-002
  0.28543610422716686     
  0.78089620424975426     
  -1.8344487735745405     
   1.6248375972743629     
  0.87832760060168535     
   1.5966926666245680     
 -0.65087205967971273     
   6.7011389394810716E-002
  -1.5965640907068690     
 -0.17481919066415319     
   2.1125938069422214     
  0.72173568398305143     
  -1.1729234431724753     
  0.74363729629990305     
  -1.1134455650100521     
   1.1899326885672321     
 -0.28202635600763620     
  -1.6309280934368557     
   3.6590019598373706E-002
 -0.54670052569318661     
  -1.6854026053192839     
  -6.8138433993754272E-002
 -0.70301002293950243     
 -0.64557412574420037     
 -0.40662694427934643     
   1.0875891400782032     
  0.27747712105418076     
 -0.16461721648518413     
  -1.0107600465554167     
 -0.82300312498943906     
 -0.79826659836855407     
   1.4196503234503810     
   1.2776214974575371     
 -0.53960464751881310     
 -0.74049651458991173     
  0.12089604795318382     
   1.0726626313666905     
   1.6653910891555233     
 -0.70168948196469505     
  0.62781953764739407     
   2.0247908019356164     
  0.10666153806829697     
  0.27222678206546125     
 -0.28685974160201511     
  -6.2120252855311947E-002
  0.84784439863593364     
  0.11244700468263810     
  -1.8358504779599623     
   1.6245452716822792     
  -1.6783700044803140     
  -1.0902643578129578     
  0.13400163008051433     
   1.0318837635876044     
   1.1080674522613692     
  -1.1873542528218466     
  -1.3123057108880880     
 -0.14226813104893657     
 -0.16911056795605373     
 -0.70651367179691082     
  -1.3052036447027124     
  0.91257783086367894     
  0.66854246874868850     
 -0.24513365167267509     
  -2.0646793841743203     
  -3.8457212121652727E-002
  -2.4126762990811481     
  0.88450118564099534     
  -1.7535582753337529     
 -0.53313870044886580     
   1.2681044170494333     
 -0.20977355194261671     
  0.17542931404312082     
  -1.5182719857470750     
   2.1880172806202518     
   1.4977700368088402     
  0.17682738668615919     
 -0.14682788800022653     
 -0.55719174930308613     
  0.93540193071515787     
 -0.91882778991122671     
 -0.66160810179435081     
 -0.52542513193033802     
  0.66453936361146060     
 -0.41842222246735106     
   1.3504798102313771     
   2.9737297399534814E-002
  -1.9087093810518376     
 -0.94161099421667416     
 -0.54586317366565362     
 -0.99087670592681110     
 -0.93835938468366975     
  -1.0311725881666656     
   1.7253233413707649     
  0.27740065338059006     
  -2.3976437204426539     
  -2.0359589560112221     
 -0.71216631474171033     
  0.35331515223782645     
   1.9891097957870010     
  0.90382028116902813     
  -6.2917748528437928E-002
 -0.18244567500915521     
  -1.8555933709538337     
 -0.82320993610709259     
  0.29171889939145557     
 -0.21656453906090464     
 -0.37129811401952684     
   1.0098549396815759     
 -0.27904294134483532     
   2.1247542187527779     
  0.36352709633294855     
 -0.60526233626233117     
  0.69810180889947204     
 -0.58067692867206566     
   6.1967808660456668E-002
  -1.2765421621287047     
  0.53997587009281056     
  -5.6773333933734245E-002
  -1.1723829254325486     
  0.94957899924414524     
  0.86545981283754436     
   1.1800206612257484     
  0.29715083181578350     
 -0.56420516331966675     
  0.10911084910397548     
  0.19292863473872324     
  -1.6074127422855573     
  0.89023299261377464     
 -0.46853958711800187     
 -0.50670864677479177     
 -0.76438484721089872     
   1.6211702856226395     
   1.3226543028283477     
  -1.1291443342721754     
  -1.8441907525888313E-002
  0.41604406944457056     
 -0.97490873845242665     
   2.0805115637924896     
 -0.52590218786762233     
  0.74733074454075399     
  0.10702278088188763     
   8.5818901752575782E-002
 -0.53310253809633512     
 -0.63356478652350634     
 -0.64520117565775614     
 -0.84922791530191233     
  0.45284802946378327     
 -0.33937323946816994     
  0.90090501918683907     
  -1.2069448655855837     
  0.12047020050304461     
  0.61687334667517801     
  0.90096757726027477     
  -1.1531501032938800     
  -8.8298982178636604E-002
  -1.3994725838385713     
  0.59264405924553287     
  0.26545637074622241     
 -0.58868436514122591     
   8.6989994963733594E-002
  -1.6078470086678840     
 -0.68416727189615856     
 -0.68592220711020480     
   1.0373799897757963     
 -0.91074671099760618     
 -0.37717138406418288     
  -1.8764325382604727     
  0.90756178584620018     
  0.45598389587126203     
  0.81584441208428038     
   1.2563483268479148     
  -1.2637696110277068     
 -0.62948099294056992     
 -0.84803311652511992     
  0.45312011053444057     
 -0.59820007488900273     
  -1.5111050953365759     
  -1.1509305774979000     
  -1.3404953334673562     
   1.4478378111316317     
 -0.38858239295430469     
 -0.55512587906910948     
 -0.78738491537687738     
 -0.17800502198511645     
  -2.2697044170990228     
 -0.41451455364074874     
 -0.66962405935363833     
  -1.2630948983032204     
   2.5203820897058611     
   3.9137828320028739E-002
  0.54342690255737269     
  -1.8802199500455135     
 -0.16868209778328522     
  -1.0223917687651185     
 -0.10024674825592787     
 -0.20497494150903173     
  0.87160869238322425     
  0.72780081822015197     
 -0.98327751262133867     
  -1.7613431024551318     
   1.5069598447469674     
  -1.0695541072114547     
 -0.38794957649607065     
  -5.0832838199351978E-002
 -0.34383649489483814     
 -0.63139738318880301     
  -1.1012777200262867     
  0.67273930959370321     
 -0.20658253042023991     
 -0.59199693979354928     
   1.4856011549901849     
  0.51852247410270969     
 -0.95689932451808701     
  -1.1353589669064832     
   5.7189709780547819E-002
  -1.1490214103150205     
  -1.5557465950125631     
  -1.7901238761044600     
 -0.25491961207510661     
  -1.4989348805754588     
   6.6234254573051876E-002
  -2.0648003660273759     
 -0.65450362644460780     
 -0.41861890869824137     
  0.69310553062138969     
  0.85849694182211045     
  0.30215772138771979     
 -0.42802098178454345     
 -0.46438217334885606     
   1.6895495373519476     
  0.72686855439363507     
  -2.0492568516387761     
  -9.9911306736825661E-002
  0.16204776656610706     
   2.3537661638671166     
  0.12047393481912856     
  -1.9939165804801551     
   2.5374390433820428     
   2.1626413777752274     
   1.0972739282221988     
  0.40461897027121679     
  0.55062714296630222     
  -3.7280594102614716E-002
  -7.9803281958982286E-002
  0.52624208074203638     
   2.2599762185152685     
  -2.2435399557462476     
 -0.52405261707786965     
  -6.9931848741685912E-002
   9.5941219029930261E-002
   1.0673492541098568     
 -0.27019198363771835     
   1.7642281348425712     
  -1.0583164190083076     
 -0.47215833416059616     
   1.1612872378802201     
  0.76176212545652755     
 -0.65712305792246717     
  0.55904017963760755     
  -1.0128028077629316     
 -0.15782253309736055     
  0.99023848436293571     
 -0.16395534621500898     
 -0.52529613662373320     
  0.88226849967199827     
  -1.1783042400468700     
  0.45862701739125922     
  -1.7174562211249347     
  0.13260181513616859     
  -3.4283440825363445     
  0.57137293034785219     
   1.7483920906631489     
  0.43088594386779128     
   1.0719168410368036     
  0.64570063857874183     
  0.99327387064191819     
 -0.90593139561550673     
  0.51521516816400614     
  -1.1807278022762762     
 -0.10295504772074192     
  -1.2595262251847745     
   1.1574052018101206     
  0.38540756696609557     
  0.85410615072371365     
 -0.43109486849472084     
   1.5679360757020395     
   2.1441650828245851     
 -0.93759482522480764     
   2.1056361344757724     
  0.72678326227085932     
  0.21873079560378894     
 -0.24185995673587560     
 -0.75229648677302718     
  -8.8417391231578185E-002
  0.66373783746858706     
   1.2330821564235264     
   1.4075470323639359     
  0.59544504450583247     
 -0.35304073307015105     
  0.56506811288282144     
  0.24733170005936359     
 -0.20175702514831953     
  0.90884283858124804     
 -0.67856217996781665     
 -0.87596123552555660     
  -2.8290512289466383     
  0.55281405764185487     
 -0.36174079607119713     
   1.4601555358159644     
 -0.93346408019771210     
  0.71236839764764714     
 -0.77455277770471997     
   2.2451013727374605     
  -1.4223515105407891     
  -4.8540406682354716E-002
  0.74415589458063935     
  -2.0281812006446480     
  0.11443916592944481     
  0.69403377686897672     
  -1.1592249316688314     
   2.1037014257068702     
  0.95075326421488870     
  0.89660615114749209     
  0.63164612159540745     
  0.52377134852073648     
  -1.0662892291551400     
   1.5579454509830442     
 -0.36548493391238718     
  -1.7053197220814431     
  0.21772171441151952     
  0.16287948082577541     
  0.73577086829915017     
  0.29376846383975358     
 -0.86064053278360586     
 -0.47108041150730295     
  -1.9073220574731278     
   1.0091956300463336     
  0.13445265928891079     
  0.16764041971485186     
 -0.67903322981647363     
   2.7399042503181628     
   1.5462634874391743     
  -1.8951135965247843     
 -0.18559615876602883     
   1.3910006086304219     
 -0.39297027233361592     
  0.60101507519692321     
  -1.3262434419221500     
  0.72953516373489125     
  0.93755089014025295     
  -1.4422626969987971     
 -0.41577392044904693     
  0.40115179493763897     
  0.64571751380980502     
 -0.45305745690344146     
  -1.0927661158890107     
   1.5331831433851169     
  0.80444524627766745     
  -1.9757430160548037     
  0.33103665573929208     
  -1.3398241553345780     
  0.43796767489020566     
   1.8932859770413777     
  0.17154936944681967     
  -9.6853472378080993E-002
  0.55982442218315909     
  0.84482440869050923     
  0.42205973908211686     
  0.82350782361462904     
 -0.25949137884065399     
   1.1825044851830073     
 -0.10103219747079166     
  0.67668621519915240     
 -0.96452304050749105     
  -7.4663182186648538E-002
  -3.6121894284590589E-002
 -0.49942704188365905     
  -1.4099165414579982     
 -0.60974305414913310     
   1.2533796296033537     
   9.0232591617656982E-002
   1.2776258440036992     
   2.4920417792409610     
   3.6776487773683787E-002
  0.39657051886286648     
   1.0503720430349919     
   1.0980934169719170     
   1.1011501334245357     
  0.89454811963685832     
   1.8058600703994738     
 -0.64720135764512643     
  0.89259263420194412     
  0.57278806631883283     
  0.69862604253983895     
  0.82701882746925415     
  0.44540829737048526     
   1.2775181492816221     
   1.9442927321962091     
 -0.66652553779904145     
 -0.58632875192357359     
  -1.4766978558378800     
  0.16482446903186712     
 -0.26660772018459794     
  0.92275544861509629     
 -0.94874247495471098     
 -0.74724609883488902     
 -0.64576557341342511     
  -1.0930204729552002     
   2.1793769550533177     
  0.80915464439930618     
 -0.85925134053392760     
 -0.62151535339917119     
 -0.73942436401575895     
  0.68639200025325264     
   1.3191836754964503     
  -1.0914723687758505     
 -0.84954410898649080     
  -6.0798975291204094E-002
  0.17260650820525328     
   7.2264531821329983E-002
  -1.2645506566325826     
  0.83058687179933754     
  -1.4639665653215617     
  0.32816957687417231     
  -1.4753050348807355     
 -0.38652988154357920     
  -1.8510583554090430     
   1.9652437216907870     
  0.75176158941581528     
 -0.56311923412010634     
   1.2052856999191295     
 -0.93932109788192897     
   2.1341226339960286     
  0.32400040181055623     
   1.2261040721833352     
  0.61418439104903177     
  -1.4722147583202265     
 -0.50720404330381641     
 -0.37454098393384877     
  0.96435845561058831     
   1.8697936251350245     
  -1.6864771745458536     
  0.95631968446229976     
   1.1518726124947927     
 -0.81378315655634759     
  0.52913444414758815     
 -0.42095255586931735     
  -1.6628514650488029     
 -0.65479048631959180     
 -0.18722099276926343     
  0.82523371222488573     
  0.25702931578722610     
 -0.47678259752528035     
 -0.35892797405275373     
  -1.8515050824453454     
  -2.0215856377244972     
 -0.43387790349087074     
   1.5749209331013596     
  0.44137221004088772     
  -1.0339863490697228     
  -1.1859528841043436     
  -1.5392879165152524     
 -0.58301383755930503     
   1.7916536439716841     
  0.71442120996983172     
  0.53863877649450675     
 -0.11260237889554575     
 -0.98259858215950868     
   1.4203201019220604     
   1.7725997693339565E-003
   1.6205491731796229     
 -0.75616791580239806     
 -0.92128124444359416     
  0.35773240248616023     
  -1.4585234414920516     
   1.3863157354539630     
 -0.28057204719765039     
  0.49458473550466703     
 -0.77535374593245909     
  -1.3262080060413561     
 -0.95905482836386557     
   1.7835738405199604     
 -0.91522769147148286     
 -0.25004637795301021     
   2.1707615624020837     
 -0.69787314424230362     
   1.2084840279326121     
  0.21193114971888713     
 -0.16501134202538620     
  -1.7975681013178706     
  0.77875498613752847     
 -0.38952472584971182     
 -0.36891308585327987     
  -1.8614076042867389     
  0.39349027396142544     
   1.1600732891971297     
  -6.4831193987322830E-002
  0.21578068527490604     
  0.14494000081293107     
  0.75661885074175472     
  0.47309493081586268     
