  0.54809715776673762     
   5.0676344363529031E-003
   2.1194693222523715     
  0.69669537135693360     
 -0.38871398865403861     
  0.61618467778697250     
   2.3542523609892778     
 -0.21534832151898270     
  -1.2482031176667858     
 -0.66910785339578838     
 -0.59678032037007855     
 -0.55646347338807745     
  0.69015721551255116     
  0.99000104231714514     
 -0.11961147750370009     
 -0.39121593608750804     
  0.66646254369884306     
  0.81735694483739030     
  0.87749328721625508     
 -0.12295614979395515     
  0.83862711354535158     
  0.94805617499495076     
  0.90888805122038263     
 -0.41882442582207574     
  0.68198744452913374     
  0.52425762217626304     
  -1.2379314911898913     
   2.0248894285661176     
  -1.5058809131133719     
 -0.63640646027219416     
 -0.22267301801154002     
   1.2807391475858267     
  0.48146310868910802     
   6.5750993777584019E-002
  -1.1152831290914336     
 -0.35462132793735329     
 -0.12742311835376779     
   1.1017751771705353     
 -0.54459293697832789     
   1.2333744447828316     
 -0.21611984654441407     
  -2.0608307788787887     
  0.36081923397541632     
 -0.57237669729271301     
  0.41961574353878206     
 -0.67196373506621832     
  -9.2749558592021580E-002
 -0.32284967480886789     
   1.4535619304568386     
   8.1054188983370246E-002
  -1.3827187168420829     
  0.28493076747473817     
  -1.0569376764079379     
 -0.34900990714468266     
  -1.8759156107495389     
  -1.1784544099221470     
  -7.3846046954335470E-002
   1.3310860050897875     
  0.79828043189246900     
  0.75267813238690262     
  -1.3662981257992239     
   1.4322485736942412     
 -0.65369428025501808     
   1.0856351828018249     
  -4.2710462764073323E-002
 -0.92965719269634872     
  0.86771330954107739     
   1.1006312066344759     
 -0.95204154847420008     
   8.9420050170138085E-002
  -2.1125514053735870     
  0.48569684493016518     
  -1.0240809797993502     
   1.3474161086339824     
 -0.40998578585551154     
  -1.0914974319708457     
 -0.61689645780355462     
 -0.43246354613941496     
  0.34059157926583944     
 -0.78060226727610849     
   6.6620027221569650E-002
   1.4961013356472729E-002
  0.43768363204678734     
   1.0543865273520532     
  0.91509888055179633     
  0.78962160185090002     
  -6.5657652817366727E-002
 -0.39587353425161520     
  -1.6323911841438714     
 -0.13185620070034768     
   1.7389279526561152     
 -0.28776144886206623     
  0.62974337475661912     
   1.2222293478017083     
  0.86374268061613235     
  -1.5082850350987493     
  0.97294329732263096     
  0.48125920200501426     
 -0.33762458711322629     
  0.50123659314962465     
  0.13595330261617342     
   1.5161002485018520     
 -0.49211076869202902     
 -0.19536330680279357     
   1.6437113982218208     
 -0.77301936056432907     
  0.17698461848459621     
  -8.1252308870878198E-002
 -0.30348371561726972     
  -5.0085996343760111E-002
 -0.19534080424660927     
  0.63941454536347975     
 -0.84090483854870601     
  -1.5817420685756993     
  0.42014530935317562     
  0.37458927128208225     
  0.25085199650990153     
   1.3344269410672587     
  0.93783032924538434     
   1.1112806201037984     
  -1.1891684605483779     
 -0.15642656153465437     
  -1.2199879383119463     
  0.49365583323171602     
 -0.31605321948717185     
  -1.0221040050544938     
  0.50578013476939199     
  0.51594720444595632     
   1.7667073106107285     
 -0.65862635171426376     
  0.14751128264822946     
  0.45655612122520389     
  0.76390680282997647     
  0.90291431115354692     
  0.51406294737275826     
  0.24129224355665108     
  0.20013052227306660     
  -1.7815948338810002     
  -1.1481494035220234     
  0.86090629547033537     
   1.2062415021520732     
  0.64384593710301452     
  -5.9242667077650343E-002
   1.3881046560729169     
  0.18201998476288442     
   4.3899072674959501E-003
  -2.5975155686575402     
  -1.2961846292775328     
 -0.74446150364042785     
   1.7870355403209313     
  0.14741915526022711     
   1.0841983788023115     
 -0.90516614000901785     
  0.25246176286978933     
 -0.36099167406988669     
 -0.23951485132598763     
   1.8921087475610001     
 -0.68281842575783125     
   1.1380097312913795     
   1.4434893788322034     
 -0.35223662195044608     
   1.8618707978055213     
  -1.3655818453624933     
   1.3998263121029013     
  -2.1946991268145845E-002
  0.78560951982889127     
 -0.77821885153094517     
 -0.91774530232443985     
   1.7165707013612579     
   1.5475641472155386     
 -0.29221713457288728     
  0.33309258305515271     
   1.8476916447089704     
 -0.46558141920038065     
   1.4669758987009005     
 -0.23740705613902374     
  0.35171107315885131     
  -1.5154999208572868     
 -0.77996080826174374     
 -0.50848270026495934     
   2.2740464421878701     
  0.30134870451978163     
   1.4311979663071557     
  0.90423806444954224     
  0.52946001394724640     
   1.6988658801133423     
 -0.64470529983239910     
  0.60214118389900806     
 -0.86331958596913805     
   1.5203311490473219     
  0.41948500704089992     
  -1.0099694510136894     
 -0.88184559771182758     
   1.3759468372946728     
   2.4462369251787965     
 -0.66109912292037787     
 -0.46077698101646575     
 -0.28757911084084281     
 -0.75897848467995876     
 -0.85116819354963347     
  0.59314987694025545     
  0.41914898741221723     
   1.4635744684822101     
   6.9467069097698106E-002
  0.51725076738659093     
 -0.99529277583676912     
   1.1660761816937417     
 -0.75798284435045293     
  0.75122509879768584     
 -0.50750730613933104     
  0.94791668469921941     
  0.91284277316918949     
  -1.0301898505302158     
 -0.23495854784550144     
  -1.0763634545000005     
  0.58708208481656754     
  -1.1122847853710407     
  -1.7976389064063885     
 -0.23067030944629824     
 -0.42473059019111586     
   2.7287652984412567     
 -0.66170998786275115     
  0.46464653189036598     
 -0.27621907341637431     
  0.68061008023948188     
 -0.12102278264716393     
 -0.37420397748984952     
  -1.2084703879920040     
   1.5692612443362226     
 -0.48496045342127081     
 -0.71815342767346768     
  -1.1528397622579321     
  -1.0805314652806808     
 -0.65108994788098096     
   1.8909002162689370     
  0.11593432708044890     
   7.2552720074470639E-002
  0.92957441936120577     
  0.43247093211499094     
  0.47561148421749844     
 -0.43683175139989039     
 -0.17625917083509440     
   2.0330766915614755     
  -1.2457051351685309     
  -6.5672927246629251E-002
 -0.70620334141769081     
  -1.8158348827666502     
   6.3803199831318949E-002
  -1.4122692712650198     
  0.42670624249403633     
  0.16859330923208543     
  0.50770752842040134     
 -0.16084905709587066     
   1.2143987060112333     
  0.36916500874571123     
  0.45831446188832248     
  -1.2268375045289779     
   1.2666892003536661     
 -0.40236618462440205     
 -0.53167245210994807     
  0.16271447940137632     
  0.48718336853585059     
  -7.7383271104918300E-002
  0.82768998794498072     
 -0.63382224470510962     
 -0.39961951587273853     
  0.33806023941626689     
   1.4227469662980139     
  0.25835863478568388     
  0.42343847452803518     
   3.7496528646987208E-002
  0.95283305309619892     
  -2.5468025044032272     
 -0.77549990842357386     
  0.97464213707289116     
 -0.89192984734418879     
  -9.3023916470705792E-002
  -1.3138695564660261     
  -1.9070218495273754     
  0.17807423432175151     
 -0.40292518236224667     
  -1.0370073045420645     
 -0.51603617891026887     
   1.2170774114449372     
  0.84319725666067769     
   1.2008657175365851     
   1.4565278785824336     
  0.23186745658595309     
  0.74272960824840639     
 -0.75260405227083504     
 -0.80252591906652970     
  -9.9730376972309409E-002
  0.80140663677239643     
  -1.2682147758289710     
   1.5319537073085676     
  -4.3164434597372708E-002
  -6.7606053175140762E-002
  -1.5816059302366285     
  0.15147884925175156     
  0.72833670210658497     
  -1.2832959880595833     
 -0.48925195130354021     
  0.75470204278580644     
 -0.99959855291379196     
 -0.49370800278739313     
 -0.65334778079302491     
  -3.1117641063617509E-002
  -1.4410538632875993     
 -0.80275790977666761     
  -1.0527414924009848     
  0.29243397339978899     
 -0.21035062187449402     
 -0.24405636320057641     
  0.47142275552399604     
  -9.7042222611160328E-002
 -0.67180481626903765     
 -0.58844721524514443     
 -0.68858303439862567     
  0.16463144566788745     
 -0.30886009068280074     
  0.18530953181880755     
  -1.6164053998354178     
  0.58121911439012508     
   9.3366287477964355E-002
   1.0916645296616714     
 -0.84408663102000214     
 -0.21308466642412530     
 -0.48001040863791933     
 -0.10387469078306807     
   7.9072755850688348E-002
  -2.0405010225197184     
  0.31674523880471928     
  -1.0001103980461064     
 -0.39393186843958150     
 -0.77863687394222814     
  -1.5748744418150340     
   1.0183751547259294     
 -0.16932711558575550     
 -0.66424142357542615     
   1.1138939550410847     
  -2.2966296343809351     
  -1.0972067816401203     
 -0.26152759635071016     
   1.0519353936488898     
   1.8025297564854890     
  0.14772997418859185     
 -0.85000977546396328     
  -1.8837740597249777     
  -8.7068880600835757E-002
  -1.1433348132934522     
 -0.71624405703644634     
  0.16612476166057788     
   1.5565973848696106     
   1.1309477301267687     
  0.26241446186618739     
 -0.22111028315721168     
 -0.86629437890070116     
 -0.82653582378532131     
  0.48267116830116419     
  -1.5133263395801642     
  0.47786617710780582     
 -0.24315029338977595     
 -0.36187442169480827     
 -0.34945119577921435     
  0.39931386530591401     
  0.91066525267033160     
  -2.3919256048824358     
   1.0961226335329142     
  -1.0352896407158405     
  0.42826638082765789     
 -0.58610953872259741     
  0.52374264905312540     
  -1.8167525676101313     
   7.1322090379269135E-002
  -1.2034905246894840     
 -0.98051689650141916     
 -0.88363973842924248     
  -1.6473337585522136     
 -0.32019077145604646     
 -0.43021143600041750     
 -0.78236492513642586     
  0.31110727269876470     
  0.78485852675438905     
  0.94697597805491940     
  0.22162527653898478     
  -2.0220751936422419     
  -7.7710279442990970E-002
  0.63234085989868716     
 -0.92758163727687015     
 -0.24147303606274073     
   1.4641292706400444     
 -0.34778065626777166     
  -1.3952581717761592     
 -0.61940947777757871     
  0.76593822048494442     
  0.64377746040457451     
 -0.27252886952361211     
   1.6932770001226678     
 -0.51293960219131574     
  0.32706713213275818     
  -1.2041577717100953     
  0.36932585736512097     
  0.92028293057573329     
   1.3042585103353634     
 -0.70468550848078160     
 -0.33081857383482965     
  -1.0240628127822007     
  0.33836750767503038     
 -0.12840454709951865     
  0.16877994956561915     
   1.0028508927996120     
 -0.12122318383756797     
 -0.45876243766314373     
  -6.4475021841409241E-002
   1.4700022147012567E-002
   1.4853682337076857     
  0.79618546203966256     
  0.95343070792832496     
 -0.44807095335006086     
   8.2170535216269366E-002
  -2.4716085782469936     
  0.73997753547616640     
   1.1139015870458793     
 -0.31087904279937789     
  0.54087461794630864     
  0.85866379905643186     
 -0.74169326850124195     
  0.21760129907795581     
  -1.9662626427043721     
 -0.56371073093314039     
   1.2834395797268126     
 -0.94850142702479645     
 -0.81364377414326705     
  -1.1002981715979050     
  0.68656826474719701     
 -0.61252074656968103     
 -0.34367228040773590     
   1.2114661674388969     
  0.32318450590261827     
   2.9760200959930989E-002
 -0.67238217180285509     
  -1.1332374121938114     
   1.4691967118046434     
 -0.49564328551151959     
 -0.76773636007481527     
  0.34156491517235305     
   1.4341977069085414     
 -0.72278113639516162     
  -1.2176606210064191     
  -1.9129401933667236     
  -1.5598166042518462     
 -0.19392782424335539     
  0.28280722215610843     
 -0.21912413366166336     
  -1.1751181239550634     
 -0.48597877304311254     
  0.14346019716638853     
   1.1640840787327429     
  0.71002240336220379     
 -0.30143076256991597     
  -1.2884810963027811     
  0.10827346680614294     
  -1.4857622399354173     
  0.57029973936916434     
  -4.8825007067329368E-002
  0.54134748470806771     
 -0.60867837390082080     
 -0.13675875805223162     
 -0.56257252123774870     
 -0.44708446113042460     
 -0.99434412691997531     
 -0.52941821741214934     
 -0.62989900471246818     
  0.97838538988864487     
 -0.81607849691206535     
 -0.88526245726985009     
 -0.55107369178540433     
  0.87990473135161806     
  -1.4288944958211705     
  -1.0797512294008760     
   5.2788806194371957E-002
 -0.12342251488856011     
  -2.7301876872035455     
  0.27478392345420244     
   1.4723507942740124     
  0.13006093475639682     
  0.63468212636937471     
   1.0424925362729309     
  0.20363304767304394     
  0.85395544659973188     
 -0.64815034725286080     
 -0.11879598732531899     
  -8.2660413662275414E-003
 -0.65311504052886449     
  0.66099631971886585     
   7.4638518561693873E-002
  0.11355177759866777     
   1.0269469229643393     
  0.64786832393393012     
 -0.56533572902047713     
 -0.62645084321355859     
 -0.50637647092957561     
  0.93820448290317526     
   1.4099658441327765     
  0.85880880260929660     
  0.34631463072735430     
   1.2112123112226656     
  0.51944239298315675     
  0.69641820806333010     
 -0.69913853113884727     
  0.61928576340837738     
 -0.61694773676550496     
 -0.47997265745098111     
  0.18810444359562725     
   1.1800830393468889     
   1.3241067457875459     
 -0.54491100119649005     
  -1.0854272724546516     
  0.75138528482687017     
  0.66236052813710988     
 -0.43917236524923348     
  0.12202777687878451     
 -0.31559577274826428     
  0.23561533429554801     
 -0.84689611699892686     
  -4.4108159187993851E-002
  0.86878502689794057     
   1.8797989911521964     
 -0.84169535419242258     
  0.93582737391126336     
  -1.5602308911394807     
   5.0406742063221203E-002
   1.3694072365441268     
 -0.74818430348583298     
 -0.54740214885242067     
   1.2175598197639703     
  -1.1041327110549108     
  -1.2386348375071052     
  0.21741908318460496     
   7.8363226166344987E-002
  -1.5107242409765098     
 -0.40684459943168821     
   1.3144311467647041     
  0.82651188632308370     
 -0.53894130027251763     
  0.86023135891552549     
  -1.3298581768788831     
 -0.66383467962075704     
  0.66035540038985641     
 -0.79133345288862367     
 -0.62342369292646427     
  0.98572832446248082     
 -0.10294336334307687     
  0.82084736342913744     
 -0.88847035902128091     
   1.6430640082917747     
  -1.4811231806286609     
  -1.6949981280297655     
  -8.8620441824535032E-002
  0.12513452269253661     
  -1.8294862110207839     
  0.44103613877107062     
  0.79923439772322402     
 -0.58330223863960173     
   6.7913760156141875E-004
  -1.5041382817919366     
   1.8019354797037119     
   1.5712767206210974     
  0.87472925423544667     
   1.6810070377399995     
   1.2605928623297356     
  0.36624086149611201     
 -0.42073891075270559     
 -0.82058063503714118     
  0.35102852512170235     
 -0.60522716617254912     
  0.43920697621185872     
 -0.18725961434302874     
  0.73562676666616589     
 -0.94517761114244792     
 -0.62164753899737690     
   1.4211912877855073     
  0.21241819795785427     
 -0.90900861551113576     
 -0.78694437567937214     
   1.3554078686893527     
 -0.22739932710401400     
  -2.9764211934600597E-002
 -0.42141954317918984     
 -0.63784498379869570     
  0.37685302415369110     
   2.8514869888277641     
 -0.84205056969151160     
   1.1855916796097097     
  0.98041737229241199     
  0.93336626774324805     
 -0.95556218781458857     
   2.3238749424237422E-002
   1.1011866479465371     
  0.38077439453686190     
