  0.61750149106835250     
 -0.82679604391637596     
 -0.83565156970472310     
   1.0473621544168181     
  0.70093151657734132     
  0.27732711050235165     
   1.6444157332213818     
   3.2159413968766049     
 -0.59959822729278578     
   6.8716882590656739E-002
  0.69199648476359277     
  -1.0797973105351639     
 -0.96594215312020748     
   1.2880461707124182     
  0.52884207118380211     
  -4.3275308038559467E-002
  -1.2613282224319979     
  0.57960187709785427     
 -0.28188609438966061     
  0.74693916500555069     
  0.94897552090912896     
  0.24168128465918925     
  -1.4071596076042130     
  0.53534019924561183     
  0.28012836636445737     
  0.82596034828939557     
   2.1979413553142924     
   2.8732940165731038     
  -1.1314155614037391     
 -0.52003014229455646     
 -0.14867649326899976     
  -1.1788383096358155     
   1.7374951660830649     
 -0.59645217904048631     
 -0.97394616584348914     
 -0.93445358040633719     
 -0.93606795822819788     
  -1.4228332607673848     
 -0.72026597767043943     
   5.6109029797863898E-002
  -1.6525720551225025     
  0.50407212607167251     
  -9.1673693314822627E-002
 -0.47361507723392904     
  -1.2246628194599387     
  -1.2333431538544635     
   1.5110121661171478     
  -9.1070583209563558E-002
 -0.50462406921457614     
 -0.16238284040779066     
   1.0900648722920876     
  -1.4161130086623743     
 -0.56967907064229073     
   1.3897406393766800     
   1.0306352034735684     
   1.1456638514718012     
  0.53418121862684198     
  -9.8284597956387151E-002
   2.7363149963790814E-002
   1.9405532271916333     
 -0.62072836771650042     
   5.7900147189025378E-002
  -1.5439782462465350     
  -2.1075378693311819     
  0.80535032690037556     
   1.1084699882534386     
   1.9506474605670159     
   1.4411034228150463     
 -0.47320505923624046     
  0.12049767726569065     
 -0.76222103519814033     
  0.65811337483038879     
   1.3311609508272926     
  0.64903565395352214     
 -0.53543649116034642     
   2.1413924355673175     
  0.92699428676259676     
   1.5806045803184918     
   1.3704901560117326     
 -0.66234739861924430     
  -1.6391611769575223     
  0.12779953275049111     
 -0.41270870972905949     
  0.79031901956757444     
   4.6960385670991086E-003
  0.43643899352853044     
 -0.49217796821400156     
   3.1964498130347928E-002
  0.50785481078411621     
 -0.19684416164179219     
 -0.83173828342778722     
 -0.30760403078470289     
  -9.7503475475070364E-002
  0.97977679685241181     
  -2.0704140203055643     
  0.10842539484060813     
 -0.62754018247740928     
 -0.17220930916435959     
  -1.3271870859770112     
  0.50409759567523793     
   1.5289712094951504     
   1.2510271656796703     
  -1.4276877277593945     
  -1.5932412502261051     
 -0.55682629882374135     
 -0.29173687380017854     
 -0.54152556888510073     
  0.50319661161485429     
  0.20656669874886679     
  0.97118381798727327     
  0.97072512646276032     
  -1.5524477669782446     
 -0.36935539668906486     
 -0.44989044589752736     
 -0.50330674695057165     
 -0.52997747535304662     
  0.19491041239375340     
   1.3713243233458507     
 -0.46140705692075989     
   1.1838843899123164     
  -2.0110308598637028     
 -0.69888046072883248     
 -0.32211441579881694     
   1.7733915794993991     
  0.13015708295181366     
  -1.1303845737541254     
  0.64469219593894767     
 -0.16215032661119777     
 -0.81329610939051178     
   1.0567519762584283     
 -0.81472780201767148     
   2.1702019532925920     
 -0.68220640193204152     
   1.9351684982189348     
 -0.19020587563149097     
 -0.54116752387156397     
  0.76404167206624718     
   1.1303792631649192     
 -0.37008708000021878     
 -0.12826737077294531     
 -0.54135281225755605     
 -0.34262738335509607     
   2.8855993426791713     
 -0.25651612528789125     
  0.44156389872387025     
 -0.13217540526469851     
 -0.75420387471322714     
  0.72280042087640461     
 -0.52542384034388556     
 -0.55781892565196800     
  -1.2410546328798786     
  0.25079092961769339     
  0.11828804785050197     
 -0.46011809112064894     
 -0.43249735246689602     
   1.3023920452537294     
   3.1174085541361460     
 -0.14998528312556347     
  0.94027535914807436     
   4.7725766959260868E-002
   7.0651248692133975E-002
   1.3959106506650909     
  -1.6267578618619678     
  0.37344502269578378     
   1.4052017613325489     
  0.82228951184321930     
   1.2922056200980925E-003
 -0.39118773405821794     
  0.48994405212342473     
  0.25791592681218289     
  0.54164808035717182     
 -0.43102987240257762     
 -0.83601794647465955     
  0.43525161374708710     
 -0.28794471187084070     
  -1.5286686657428874     
  0.24858668408322282     
  0.46734784744499075     
  -1.0034517889929382     
 -0.43089624281755190     
  -1.1824405151531150     
 -0.22250131940765830     
  0.37086623942363056     
   2.1081698956950046     
   9.8554181503250932E-002
 -0.99444839056523870     
 -0.39611463602122415     
  0.11202112240037196     
 -0.38000832178511362     
  0.73716072250986753     
  0.65939628401974837     
 -0.84856193874990349     
  0.46366606682696127     
   1.5156304918107895     
 -0.57219432714511509     
 -0.79111636960317733     
  -1.0903246540069855     
   2.0986727725749921     
  -1.0580821747278324     
 -0.90994311274859696     
  0.51202421974352608     
 -0.18934692904274300     
  0.75461942008869365     
  0.39506781777997602     
 -0.98145449580569222     
  0.17448829343115529     
  0.24803074902825917     
  0.46858304640458981     
  0.79576034710490962     
   2.0172572756105485     
   2.1475137315202377     
  0.29723610339544726     
   2.0884292239652775     
 -0.28166050860477182     
  0.22314844203751974     
   1.4008073209106180     
  0.30662650377746742     
  0.65222713925111786     
  0.15514619406130711     
 -0.24546440192765220     
 -0.28404756517983243     
  0.26301957526393582     
  -6.8512364826169694E-002
  -1.4714504241839224     
  0.76832725331613982     
   3.2249462343471154E-002
   1.9073846494605939     
   1.2467513962168710     
  0.41074102352824898     
  -3.2258666574919173     
  0.68992913375176224     
   5.6040724214262205E-002
 -0.59649374187833182     
   1.2109454537456972     
  -1.2735350042216307     
  0.38916014648936403     
 -0.65362903870034794     
  0.63541995143752417     
 -0.95416267633977447     
  0.60926057633318109     
   2.0414131534725573     
 -0.60012372754139032     
  -6.0816829235150055E-002
 -0.35776539683200614     
  0.81864340832303761     
  0.95695878408480595     
  0.42248511753088974     
  0.31427164293989113     
  -1.0221847963662694     
 -0.43987513170856429     
 -0.95466838337156790     
  0.21727223285699926     
  0.37754733817861241     
 -0.82678539894177949     
  0.59305796341800232     
   1.8716250564359205     
  -1.8989197943245109     
   9.1218528304278568E-002
  0.45357557062701753     
  -8.5056285071321396E-003
 -0.15760941687952787     
  0.88854376778007227     
   1.7104781165512346     
   1.2273971696043560     
  0.82143371763341211     
 -0.27288653283035441     
  -1.4084326757005283     
  -1.1072389377809246     
 -0.84704653259942397     
 -0.73689638347937947     
   2.0716442291084993     
   1.7993355403993851     
  0.66105008149840860     
  0.37318338500386705     
  0.93090394343343363     
 -0.68896728773936733     
   1.1343690787306464     
  -1.8183936614523337     
  -2.8011302661846101E-002
 -0.23342164222273601     
  -1.4400916960664740     
 -0.15677241653047744     
  0.22163189088110113     
  -1.4154258735911895     
   1.0514074835918306     
  0.90355593426931058     
  0.86504243817419013     
 -0.65886428117447837     
   1.3433576343332188     
 -0.47107249794727107     
 -0.64420686142492611     
 -0.34389924682064632     
 -0.13062307125950320     
   1.7672872704256544     
 -0.51326538981807734     
  -2.1276981735134443E-002
  0.56999265265361032     
  0.61232132388594229     
  -1.3536579547943066     
 -0.83806202144447972     
 -0.16746463407430084     
  0.22084653592415002     
 -0.54882997831978142     
   1.2211612727602483     
 -0.11437603623849080     
  -2.1207708096050153     
  -1.5107556973612124     
 -0.79037575038150576     
   1.4423182133586225     
 -0.14685772541244968     
   1.3000954556999897     
   1.1544014853584115     
  0.41284578558061430     
  0.17666372669803970     
  0.24580653370401517     
 -0.12520393375740560     
  0.17979422180411914     
  0.56676338141583404     
 -0.31843766757538056     
  -2.1847413200191346     
  0.67006854978830555     
 -0.33926682441142081     
 -0.96951417399441042     
  -1.8294933715002411     
   1.2575320037564517     
 -0.77473608653710246     
 -0.12645035585384265     
  -2.2692941775244817     
 -0.85412836345084664     
   1.3281203333083569     
  0.72769323376938755     
 -0.21929990323469681     
   2.0135000582821205     
   1.3137816004256517     
 -0.29476274374794142     
 -0.43878117997342586     
   1.0131385016676944     
  0.34736293101303145     
 -0.33022117651437011     
  0.81861183836373685     
  -1.9640689888302962     
  0.70594819366649619     
  -1.9264689680631126     
  -1.3373325183246154     
   2.1457863707737599     
   1.2839012721643159     
 -0.50828169988977001     
 -0.95334270164374857     
   1.3172276938765461     
   1.2357484521718145     
  0.18078834253182494     
 -0.80972062005496326     
  0.79061290036142418     
   1.4226942030081529     
 -0.96628539147322146     
  -5.7612094361432088E-002
  -1.0372246638626319     
   1.4557273457831474     
   2.2461108604654640     
  -1.8605969533040330     
 -0.49666462864809663     
  0.20969786379238672     
   9.5755729600065398E-002
  -1.1281236713772751     
   1.5177687186849780     
  -9.1386667916341605E-002
 -0.60943871077185174     
 -0.61001728864583027     
   1.2347270204185599     
 -0.42959188862212799     
 -0.90149177485701570     
   5.2054755681846705E-002
 -0.37581417035991382     
   4.2945324372452971E-002
 -0.22374872124738748     
 -0.78845556873813205     
  0.84898880423302991     
  -1.1533155185228732     
 -0.66535135539266221     
 -0.24060185355618879     
  0.58305166097522632     
 -0.13943849869509858     
   1.4710198611796768     
  0.71500601842516498     
  -9.2546592556153245E-002
 -0.18508720745143761     
 -0.14871392403370881     
 -0.45393089731679076     
  0.30051319467600357     
  0.57340013819892310     
  0.38624636614999880     
  -2.5022732856516785     
   1.1348888500829328     
  0.23480883106259565     
  -1.6829882061270631     
 -0.90821924672482790     
 -0.15710147228924431     
  -1.2602745496961760     
  0.29726875919716272     
  -2.2072177697182900     
  -2.1117021003603105     
   2.4272312871036095E-002
  0.73798834460565665     
 -0.88467975690710310     
   1.4978264237084744     
   1.0025721971609944     
 -0.83192173445769102     
  -2.8630452423587860     
  -1.6632611245206261     
  -5.7527853700945417E-002
  0.83893556670108904     
  0.81179767223576094     
 -0.30783356704946008     
 -0.74081410638930301     
  0.23708917043825206     
  -1.8655061636687271     
  0.28805896906311895     
  0.72671798877395866     
   1.4416067645236292     
 -0.45598148143883133     
  0.29943137860819957     
 -0.68720879928607392     
   2.3211090869055369     
   3.4515878286563467E-002
 -0.52382848324736453     
   1.4584087846429827     
  0.69500538896337016     
  -1.7485128175316065     
  -1.0867184458801764     
  -2.3842117495988204     
  0.62627139195474557     
   1.3507003786920193     
   2.0124848094840675     
  0.60681626414798040     
  0.26373466077432134     
  0.53665557081891757     
 -0.75078745128099933     
   1.2037925272590111     
  0.74645541242359315     
  -1.4145404596607267     
 -0.99571701806393154     
   1.1925845445306733     
 -0.35061068083462643     
   1.5327995682183324     
  -1.7109412024931352     
   1.9271806168724075     
 -0.31529705557404858     
   5.9925863869375942E-002
  0.61256622325599419     
 -0.13217699335221927     
 -0.89684543210372203     
  -6.7647247083542847E-002
  0.29421416942337014     
  -6.6150055025221324E-002
  -1.7301056945977009     
  -1.5229914925720947     
 -0.61424843546322938     
  0.10658009200678821     
   1.1443589992784926     
  -2.5319790837900049     
  0.29846109960733530     
   1.6623111241407793     
  -1.1292637113546389     
  -1.1123214469427161     
  0.54203080346385213     
  -1.1472061617737326     
 -0.91983826152295123     
  0.73240160601827398     
 -0.37456557181186573     
  -6.0729811015446403E-002
  -2.7440777086687025E-002
   1.1719513952559155     
  -1.2053903524430098     
 -0.11206687840930007     
   1.4981046829300662     
   1.9722650005329374     
 -0.59120005594676339     
  0.19353304907591726     
  0.30634875757573449     
  0.49442847681136737     
  0.68438473762707253     
  0.46677010051666679     
  -1.0799070142116096     
   1.3537990141097223     
  0.27702948882880629     
 -0.20478451577981968     
 -0.17267939139340821     
 -0.16893171486889719     
  -1.3615587809769751     
  -1.8237336310412431     
   1.0834847259113189     
 -0.55247432035817501     
 -0.59180554615524861     
  0.60126178984150636     
 -0.91673886234063950     
  0.96234047664743716     
  0.77770606996202363     
   1.3657356364694770     
   1.3269716634970814     
  -1.0635166302504417     
 -0.22064550587558873     
 -0.94753502680872548     
 -0.50881779987535980     
   1.0256625893039100     
 -0.48605782077311455     
 -0.59672696659218483     
   1.0026642533078991     
 -0.45532601349134699     
 -0.67729517079118706     
 -0.24111628816497768     
  0.54170124791731544     
   1.0732657407123103     
  0.25550866739058786     
   1.1652779611573041     
  0.20297793082719562     
  0.43112849890176452     
  0.56715733177726302     
  -2.1773483361426211     
 -0.43066383557121740     
  0.37053087142051205     
 -0.65438346979370499     
 -0.82264256305225425     
 -0.37271943169069838     
  0.65173433354900001     
 -0.86721697042266199     
 -0.26024158885028076     
  0.72808933875103632     
  -1.5865996238122881     
  0.93382124992205795     
   1.0798584268600271     
  0.62952361027699466     
   1.9733599706493536     
  0.46555812012837489     
  -1.6673695089325271     
  0.27051490102114023     
  -1.4854147111310279     
   1.1982438205058206     
   4.4318892400721524E-002
  -1.1152197782177495     
  -1.3942031781014022     
 -0.91968333916371636     
  -1.7385212387220563     
  -1.7404890262160433     
 -0.23632856712517875     
 -0.87435247761355817     
  0.17695298127862516     
  -2.6180941619464715     
  0.28521978375740453     
 -0.52449904434163253     
   1.2022282064847460     
   1.0118652273989615     
  0.52751752662971374     
  -1.3718070670830513     
  0.33874301845286009     
   1.2665809828073216     
  0.40342202658599507     
   5.0080433580207022E-002
  0.37263452144056802     
  0.94012799682820991     
  -1.1426399654892061     
   1.3396393167091962     
  -1.8065989296004545     
  -1.5860057107367249     
  0.89360008948122427     
  0.31312825516460824     
  0.66429726025666525     
  0.69969082250520975     
  -2.4642693033855063     
  0.13713209386201286     
   1.0091227691736473     
 -0.38263057089547386     
  0.16531462218979079     
  -1.6786188605516854     
  -1.1234682073393585     
  -1.8318466180420969     
  -1.1420345382862582     
  0.98683318688298727     
 -0.68945756422042959     
   1.2372297940784549     
  0.18496327753420416     
 -0.98311521614815933     
 -0.73986990048037382     
  0.45810984655575460     
   1.4008057506011739E-002
  0.67767828396828633     
  -1.5181500379253321     
 -0.34597793474846072     
 -0.83788442311230238     
   8.8947603167089453E-002
  0.12908685392060548     
 -0.58332495850342403     
 -0.16215348301718430     
  -2.6590039226507285     
 -0.55565894463943355     
  -1.4901919546941285     
   9.9043969548485558E-002
  -1.4929205801240233     
 -0.52895738523278080     
 -0.42705326876670296     
 -0.84593255100325448     
