   2.2960328948217015     
   11.925764851396101     
   14.951919995473403     
   8.2449162202446917     
   13.384532362232731     
   7.5754534208835231     
   9.8721220232693234     
   11.986877163440800     
   5.6314277006274160     
   6.6580451556155102     
   5.3876921442507566     
   2.1472699764493526     
   5.0036292272484095     
   13.430999844578809     
   3.1034627135883381     
   13.137344515172352     
   8.5801124753184670     
   5.8061302371818382     
   12.604760405999672     
   13.732268693393566     
   10.856218186343042     
   5.5485209356697514     
   8.0668739290365465     
   8.3185668508749373     
   7.6188193124718877     
   8.7390202649262090     
   7.7191701855537724     
   8.8597621451650017     
   11.634113533591364     
   3.4950827340033608     
   2.6030788119381145     
   13.177303487317396     
   12.366910833943662     
   14.465002067789063     
   10.324947714214861     
   6.5077275383077851     
   10.758237400549019     
   10.532840517355035     
   12.573821199480568     
   1.7960723157297516     
   10.864548593455423     
   5.1253360584317296     
   7.9745889023254923     
   12.912340186832811     
   2.0096109884271844     
   11.883380631996847     
   13.166804688079752     
   1.2154923707930645     
   9.8247212810400004     
   11.705880786292200     
   14.112150604093893     
   11.611906837117138     
   12.375914410406997     
   14.211464676217037     
   9.3814724930373590     
   1.9181474101475637     
   3.4451109144960133     
   11.910541739152251     
   9.8351058865386118     
   10.489994675378847     
   10.513022647891162     
   8.7540140710433647     
   13.653154844177164     
   2.9222486994182026     
   9.3742589342428726     
   6.8991491675120145     
   2.7661920210977460     
   12.871247726628452     
   8.5773523966468623     
   5.3721158866614953     
   3.4383759113769550     
   7.7076409672654718     
   5.5751969824308567     
   5.6307502927139970     
   13.303003609252757     
   7.4855046685322923     
   3.5588956038109507     
   6.8393648923071787E-002
   12.706485439143892     
   8.6692985209630908     
   2.3455084311325516     
   7.2618357985625996     
   3.2218586494235519     
   14.056738149158406     
   6.7040016915480516     
   10.427722065809297     
   6.1211493983900915     
   7.6379906338212846     
   14.475299502348232     
   8.4402667571231138     
   2.4651985727435850     
   10.150295075659905     
   2.6845608595405599     
   13.885987733019221     
   3.6560457884462210     
   2.6687218654793678     
   10.414636890976819     
   14.548294687105138     
   2.6018464648508952     
   4.0319681078874288     
   13.679005537578348     
  0.22314095950721891     
   11.381638563453892     
  0.43729053978735954     
   13.698842005296271     
   12.965609951135887     
   5.4723062688611224     
   4.4768955305207516     
   4.4280964136450969     
   13.819866445543131     
   7.5807076573472898     
   3.1214044639780902     
   6.9447293383049358     
  0.77208228084294683     
   6.1590060982888515     
   4.8945491762143432     
   14.295500467343187     
   2.6227231905702650     
   10.691712478480973     
   10.115092472643639     
   5.3064202865447889     
  0.88419279630772374     
   8.2560662289793747     
   11.914334152257402     
   11.236371131329866     
   9.2415643215804089     
   11.516660839521858     
   13.088121196304265     
   3.4559927551261196     
   2.3961020789595766     
   13.834325796354532     
   6.8938884959185991     
   4.2315266206198077     
   7.7839139132950903     
   11.718131817316564     
   13.000652129285122     
  0.77679228911250253     
   14.580090781558283     
   8.9431628753886780     
   8.6480074164871237     
   12.470113962499648     
   5.9309058402180757     
   14.684873159847823     
   6.7039985680130805     
   14.588361384461169     
   2.4217138620467047     
   13.936726023559832     
   14.665010477995331     
   3.2642339782958825     
   3.9274914124720999     
   3.2296071367876329     
   13.987626324263230     
   1.6999430890769005     
   7.2635004241614158     
   1.0272391003485921     
   8.4834189806812663     
   4.5357233007525268     
   7.1945064088386683     
   3.4447104192621953     
   8.7632049342004326     
   2.4252438120981212     
   14.584062470253269     
   13.314397058843426     
   14.852186858425892     
   6.8564665978993835     
   14.978749186321263     
   10.006886852132958     
   2.7206444641333252     
   9.2716430704385573     
   2.4074255772660798     
   4.3641824749279650     
   13.977633805305402     
   6.4785126040811001     
   6.9658595700779316     
   13.549471253178435     
   9.3253421555383440     
   6.2011814959693288     
   10.907592490402216     
   2.0093823199417433     
   11.226657420773865     
   8.4501507284581994     
   10.125710459374869     
   3.2642091883169506     
   4.8417976395397000     
   2.8631517128455597     
   2.7653498211980803     
   7.6230490624366283     
   2.2753772924007141     
   13.397359287786232     
   12.965860163638570     
   8.1548127913291051     
   2.9755195901170235     
   14.189039199198303     
  0.33869201215565725     
   8.8502811672203663     
   13.254134517925152     
   3.4494662179262043     
   6.1329819478697480     
   8.5850314651241604     
   9.6752917076731055     
  0.84928606222399594     
   9.8220335242812435     
   9.0897689552399008     
   1.4942078301114321     
   5.8729426366745443     
   9.4283535873286670     
   12.080480969256916     
   10.192602317984917     
   4.3048269424103918     
   8.8194426459876620     
   9.2679660982683263     
   5.8993487474804658     
   14.585569339483577     
   2.0996052110922574     
   14.270342979700056     
   11.642561845951491     
   2.5149738582160239     
   5.5581542732675935     
   4.1134575461735521     
   7.8411249774149558     
   13.301923615427494     
   8.7405189322005228     
   11.653207771477238     
  0.50740564146341416     
   9.9525747914990745     
   10.777461469055449     
   1.5992693761617029     
   2.7866031704777141     
   3.0428454641373213     
   11.166132298393487     
   7.1656562923959468     
   9.9787139857642355     
   9.0413780111861737     
   12.137326567113904     
   4.1408683193807692     
   8.3145936408181527     
   4.3926703979779846     
   6.5266146849153808     
   12.364381236265483     
   7.4937023492518140     
   13.158572617916212     
  0.47694465611021347     
   10.833020464062434     
   7.6282462181330919     
   8.9837476001094867     
   9.3126149535443510     
   4.8150862709936355     
   7.1402744402392884     
   6.8582231320434532     
   12.413233549153292     
   12.109433911040760     
   5.7203048358765942     
   8.5114804820786691     
   5.8224186879886428     
   13.415290342574432     
   4.9042931355071318     
   11.887011490483413     
   8.1969024175087615     
   13.336235676141930     
   4.0594243491288795     
   12.327096238460916     
  0.47483095789070834     
   1.5323881994458775     
   13.239707662224639     
   12.075358044310333     
   7.4198358278140457     
   7.8729387517391656     
   4.2985819954795383     
   1.8341545925057541     
  0.21613993110225646     
  0.51239336431584737     
   2.3106652220787085     
   9.5813914282528945     
   7.1666751602650018     
   3.8432882489105942     
   7.5764074741795042     
   5.9483236099724826     
   12.291161207227614     
   11.314143998704534     
   14.018984941520069     
   6.1099320875860936     
  0.22943778224515973     
   2.7734975239437647     
   6.2268855168753525     
   11.927075037650742     
   4.4630364627337862     
   12.481747180422238     
   4.6537713141596457     
   1.6071189694194494     
   9.3819945611923075     
   10.175266476185177     
   12.310295877910388     
   4.0152960221830118E-002
   9.5899109427889933     
   13.526026681109196     
   2.1614849838357957     
   14.010722140074900     
   11.590359220752005     
   1.2681986765788735     
   12.605913115061304     
   10.829438888224017     
   12.721504014125053     
   7.5092194183757952     
   12.944105349150318     
   1.5863081638169649     
   8.1294457716901469     
   4.4460289706063154     
   12.367326325988671     
   8.6096056943058628     
   13.391750297450297     
   6.4239481446587368     
   5.7848642777512529     
   12.501849545963239     
   3.5952902381443321     
   12.361579594364970     
   5.3207377179382433     
   11.519420838673806     
   12.936398257612799     
  0.30460606895168002     
   2.8311630499955083     
   14.649863844128326     
   5.8696438623370222     
   6.1615200407499513     
   7.9579887192754812     
   2.3845549095562899     
   3.9225222791272385     
   9.3990024067880512E-003
   6.3203505459067735     
   13.849109168753554     
   12.666446250119566     
   11.808316547716405     
   1.2094342824108975     
   7.4843604487386743     
   13.355240827360875     
   5.7779127465784530     
   11.606951791746269     
   4.0203647192265173     
   9.1346809837822391     
   2.7488930454646390     
   12.036479730557865     
   13.827859146082492     
   2.0000643087517127     
   10.363930604582016     
   14.824824131823116     
   13.016695953464389     
   10.525590510377667     
   7.1201796325902507     
   12.651140471576213     
   2.2096219343826524     
   2.3780875904729752     
   6.1863024939161226     
   6.5007140449482872     
   6.7488361471567799     
   1.9048571346800249     
   7.4984906535444038     
   10.606029599099408     
   3.0939672769035842     
   13.049052739720647     
   9.2908278176158845     
   7.0302714999096114     
   7.1002697452671191     
   12.210438836414284     
   6.2362549969983867     
   2.8158277201902355     
  0.98857684501221266     
   3.5870124803146295     
   8.4647341713092246     
   12.266165866020904     
   10.193730189539860     
   11.663698689879228     
   7.7331279683060936     
   11.131176208623266     
  0.76827172205823180     
   5.0597648133335147     
   13.839357280584238     
  0.27536620565585063     
   12.184114396976200     
   8.4525963236521928     
   14.902507576124007     
   5.8969602567247250     
   6.7017723060007981     
   14.619481538920516     
   9.6221903955977073     
   9.8678523263177969     
   14.101146120138560     
   10.045995113202990     
   4.1054789279287132     
   4.7033002446023495     
   6.9052678144588038     
   3.3324261596846338     
   5.5587228330670539     
   8.0680718307117889     
   5.7327432997636372     
   9.8892539164542672     
   9.5594830534329791     
   2.5122599728653978     
   14.234959881692941     
   7.1165510334661359     
   11.037349620080285     
   7.5620235721296760     
   4.3666560182219753E-002
   5.0193119904485970     
   1.8387629086299979     
   11.605436183035483     
   2.7313807271536752     
   12.566769019818874     
   3.2155190171081465     
   2.9039655381342659     
   9.9671553643768256     
   5.7585574774300312     
   10.669060458627074     
   11.654241687489220     
   13.417423639739232     
   7.2420070527214468     
   5.2004429029915169     
   2.7011976934772624     
   13.687525996638460     
   2.2659227878792221     
   5.1315084528764476     
   5.2506477929534663     
   12.525157632510659     
   11.414794593252637     
   12.351457064643338     
  0.23270046071870551     
   3.3263954532837623     
   1.8724874841422994     
   14.965831186121248     
   12.731656577431353     
   14.059375463751211     
   5.0401408047684404     
   7.4531433584651117     
   14.833060156376371     
   14.302674063253727     
   4.5522314854931620     
   10.120640414139450     
   11.908084622764822     
   7.1728743552996672     
   10.698793430641043     
   14.926297501633657     
   10.766241280794306     
   12.663987933256379     
   1.9531231634555659     
  0.56031895856189307     
   7.9270295829029864     
   7.0089424265206377     
   4.0774555810021749     
   13.084135041339815     
   1.3152050019215269     
   7.2967819702654229     
   8.2146900154077027     
   11.427368406216249     
   12.281143418659004     
   14.451176107138657     
   2.1577571197600554     
   8.7369682201441119     
   7.8705675405623126     
   3.9303414410609814     
   14.104770419093461     
   14.150811935271252     
   1.5114260064236213     
   13.775082691096801     
   6.0874644598535284     
   8.5698729911118594     
   14.004627836538498     
   1.8571457859472076     
   2.6667087748139973     
   10.286252736004217     
   6.2466000761911928     
   9.6009677212886171     
   10.362568399020509     
  0.47971624391374701     
  0.99772820532842232     
   7.4878775873460741     
   7.1795742685306498     
   5.3698562427857208     
   12.088148979678305     
  0.89150060443799228     
   13.911044617789786     
   12.907237266054416     
   7.2985124879963710     
   3.6203092150915368     
   8.6737417289860677     
   7.1833387088662857     
   13.511549747014968     
   12.022027773785981     
   2.2797312001346350E-002
   8.4383111746501474     
   7.4331321083579329     
   8.7920978104421970     
   3.8167222637862506     
   5.6496769093156427     
   6.4498647136580747     
   8.2294115321034944     
   6.7848914805535214     
   14.023506085238223     
  0.83080922959299119     
   12.697020022041020     
   5.2543242945512096     
   12.964925015205585     
   7.8332042343735448     
   7.9364273712351618     
   13.303325421266074     
   3.9001665385455353     
   6.5998336803241973     
   7.5619078259974071     
   12.793898482559340     
   10.103158865640363     
   9.6103520741237496     
   11.477330267908810     
   9.6313072593377562     
   5.5840208728025829     
   1.2183233064826922     
   1.0877152701207458     
   1.6892643694020770     
   9.0671051648238006     
   11.633101088836638     
   9.1131492264563878     
   5.7461110844306953     
   8.2363033080933619     
   14.997901230463036     
   8.6141074267524775     
   9.9136441355654696     
   3.9350412737981419     
   6.5806942982702212     
   1.5739150609530890     
   12.329115165585831     
   9.1728671559290689     
   4.5639262813540347     
   13.759367557714087     
   6.5227229292321871     
   9.2045755770487592     
   4.4152924871342165     
   12.077463317055905     
   10.885550311800859     
   9.5045569208296747     
   7.8690658093590686     
   10.108361736958633     
   7.5912723984068720     
   13.731419706304630     
   2.1315700554108159     
   12.034852209131568     
   5.5360761391538587     
   13.990793187020131     
   5.8534411626484193     
   1.3580592597738759     
   10.764363803701878     
   14.301773278541971     
   7.1574695386280069     
   1.6200093666189057     
   9.1910122840798234     
   14.519288149002572     
   2.4972424545172593     
   9.2602783912464091     
   13.153597393923349     
   4.8872310407596009     
   14.343902190069116     
   10.665354961265100     
   3.0904134987836236     
   4.4221709466605637     
   11.297387730311280     
   6.9215585678614637     
   3.3770500637024385     
   3.3879690427312381     
   1.0630536392401497     
   4.2140344621348866     
   9.2375657251814527     
   10.314680064779632     
   8.5759796284338883     
   2.2992703825566134     
   8.2356327578407509     
   9.0942838145771425     
   4.5032277096749134     
   2.4064983163747944     
   12.977105516306159     
   5.9852408367507328     
   10.208516632116391     
  0.97625975506932350     
   3.7861955042026505     
   12.465453017547766     
   12.149580507241506     
   13.154369032803938     
   12.656065914122507     
   9.9975252285943732     
   11.770466204354658     
   4.2898012333307722     
   12.695497463132536     
   14.254672795323319     
   2.1230119538584193     
  0.61254946968663093     
   13.334735211154339     
   1.8939519994167111     
   9.1201898641313530     
   14.245648859828540     
   1.5014925112001545     
   9.1063448567190548     
   8.3399211007709617     
   3.8431745809981201     
   5.5827389832317751     
  0.79045504721109960     
   6.9227665237439497     
