0.0899999887
0.0999999866
0.109999985    
0.119999982    
0.129999980    
0.139999986    
0.149999991    
0.159999996    
0.170000002    
0.180000007    
0.190000013    
0.200000018    
0.210000023    
0.220000029    
0.230000034    
0.240000039    
0.250000030    
0.260000020    
0.270000011    
0.280000001    
0.289999992    
0.299999982    
0.309999973    
0.319999963    
0.329999954    
0.339999944    
0.349999934    
0.359999925    
0.369999915    
0.379999906    
0.389999896    
0.399999887    
0.409999877    
0.419999868    
0.429999858    
0.439999849    
0.449999839    
0.459999830    
0.469999820    
0.479999810    
0.489999801    
0.499999791    
0.509999812    
0.519999802    
0.529999793    
0.539999783    
0.549999774    
0.559999764    
0.569999754    
0.579999745    
0.589999735    
0.599999726    
0.609999716    
0.619999707    
0.629999697    
0.639999688    
0.649999678    
0.659999669    
0.669999659    
0.679999650    
0.689999640    
0.699999630    
0.709999621    
0.719999611    
0.729999602    
0.739999592    
0.749999583    
0.759999573    
0.769999564    
0.779999554    
0.789999545    
0.799999535    
0.809999526    
0.819999516    
0.829999506    
0.839999497    
0.849999487    
0.859999478    
0.869999468    
0.879999459    
0.889999449    
0.899999440    
0.909999430    
0.919999421    
0.929999411    
0.939999402    
0.949999392    
0.959999382    
0.969999373    
0.979999363    
0.989999354    
0.999999344    
1.00999939    
1.01999938    
1.02999938    
1.03999937    
1.04999936    
1.05999935    
1.06999934    
1.07999933    
1.08999932    
1.09999931    
1.10999930    
1.11999929    
1.12999928    
1.13999927    
1.14999926    
1.15999925    
1.16999924    
1.17999923    
1.18999922    
1.19999921    
1.20999920    
1.21999919    
1.22999918    
1.23999918    
1.24999917    
1.25999916    
1.26999915    
1.27999914    
1.28999913    
1.29999912    
1.30999911    
1.31999910    
1.32999909    
1.33999908    
1.34999907    
1.35999906    
1.36999905    
1.37999904    
1.38999903    
1.39999902    
1.40999901    
1.41999900    
1.42999899    
1.43999898    
1.44999897    
1.45999897    
1.46999896    
1.47999895    
1.48999894    
1.49999893    
1.50999892    
1.51999891    
1.52999890    
1.53999889    
1.54999888    
1.55999887    
1.56999886    
1.57999885    
1.58999884    
1.59999883    
1.60999882    
1.61999881    
1.62999880    
1.63999879    
1.64999878    
1.65999877    
1.66999876    
1.67999876    
1.68999875    
1.69999874    
1.70999873    
1.71999872    
1.72999871    
1.73999870    
1.74999869    
1.75999868    
1.76999867    
1.77999866    
1.78999865    
1.79999864    
1.80999863    
1.81999862    
1.82999861    
1.83999860    
1.84999859    
1.85999858    
1.86999857    
1.87999856    
1.88999856    
1.89999855    
1.90999854    
1.91999853    
1.92999852    
1.93999851    
1.94999850    
1.95999849    
1.96999848    
1.97999847    
1.98999846    
1.99999845    
2.00999856    
2.01999855    
2.02999854    
2.03999853    
2.04999852    
2.05999851    
2.06999850    
2.07999849    
2.08999848    
2.09999847    
2.10999846    
2.11999846    
2.12999845    
2.13999844    
2.14999843    
2.15999842    
2.16999841    
2.17999840    
2.18999839    
2.19999838    
2.20999837    
2.21999836    
2.22999835    
2.23999834    
2.24999833    
2.25999832    
2.26999831    
2.27999830    
2.28999829    
2.29999828    
2.30999827    
2.31999826    
2.32999825    
2.33999825    
2.34999824    
2.35999823    
2.36999822    
2.37999821    
2.38999820    
2.39999819    
2.40999818    
2.41999817    
2.42999816    
2.43999815    
2.44999814    
2.45999813    
2.46999812    
2.47999811    
2.48999810    
2.49999809    
2.50999808    
2.51999807    
2.52999806    
2.53999805    
2.54999804    
2.55999804    
2.56999803    
2.57999802    
2.58999801    
2.59999800    
2.60999799    
2.61999798    
2.62999797    
2.63999796    
2.64999795    
2.65999794    
2.66999793    
2.67999792    
2.68999791    
2.69999790    
2.70999789    
2.71999788    
2.72999787    
2.73999786    
2.74999785    
2.75999784    
2.76999784    
2.77999783    
2.78999782    
2.79999781    
2.80999780    
2.81999779    
2.82999778    
2.83999777    
2.84999776    
2.85999775    
2.86999774    
2.87999773    
2.88999772    
2.89999771    
2.90999770    
2.91999769    
2.92999768    
2.93999767    
2.94999766    
2.95999765    
2.96999764    
2.97999763    
2.98999763    
2.99999762    
3.00999761    
3.01999760    
3.02999759    
3.03999758    
3.04999757    
3.05999756    
3.06999755    
3.07999754    
3.08999753    
3.09999752    
3.10999751    
3.11999750    
3.12999749    
3.13999748    
3.14999747    
3.15999746    
3.16999745    
3.17999744    
3.18999743    
3.19999743    
3.20999742    
3.21999741    
3.22999740    
3.23999739    
3.24999738    
3.25999737    
3.26999736    
3.27999735    
3.28999734    
3.29999733    
3.30999732    
3.31999731    
3.32999730    
3.33999729    
3.34999728    
3.35999727    
3.36999726    
3.37999725    
3.38999724    
3.39999723    
3.40999722    
3.41999722    
3.42999721    
3.43999720    
3.44999719    
3.45999718    
3.46999717    
3.47999716    
3.48999715    
3.49999714    
3.50999713    
3.51999712    
3.52999711    
3.53999710    
3.54999709    
3.55999708    
3.56999707    
3.57999706    
3.58999705    
3.59999704    
3.60999703    
3.61999702    
3.62999701    
3.63999701    
3.64999700    
3.65999699    
3.66999698    
3.67999697    
3.68999696    
3.69999695    
3.70999694    
3.71999693    
3.72999692    
3.73999691    
3.74999690    
3.75999689    
3.76999688    
3.77999687    
3.78999686    
3.79999685    
3.80999684    
3.81999683    
3.82999682    
3.83999681    
3.84999681    
3.85999680    
3.86999679    
3.87999678    
3.88999677    
3.89999676    
3.90999675    
3.91999674    
3.92999673    
3.93999672    
3.94999671    
3.95999670    
3.96999669    
3.97999668    
3.98999667    
3.99999666    
4.00999689    
4.01999712    
4.02999735    
4.03999758    
4.04999781    
4.05999804    
4.06999826    
4.07999849    
4.08999872    
4.09999895    
4.10999918    
4.11999941    
4.12999964    
4.13999987    
4.15000010    
4.16000032    
4.17000055    
4.18000078    
4.19000101    
4.20000124    
4.21000147    
4.22000170    
4.23000193    
4.24000216    
4.25000238    
4.26000261    
4.27000284    
4.28000307    
4.29000330    
4.30000353    
4.31000376    
4.32000399    
4.33000422    
4.34000444    
4.35000467    
4.36000490    
4.37000513    
4.38000536    
4.39000559    
4.40000582    
4.41000605    
4.42000628    
4.43000650    
4.44000673    
4.45000696    
4.46000719    
4.47000742    
4.48000765    
4.49000788    
4.50000811    
4.51000834    
4.52000856    
4.53000879    
4.54000902    
4.55000925    
4.56000948    
4.57000971    
4.58000994    
4.59001017    
4.60001040    
4.61001062    
4.62001085    
4.63001108    
4.64001131    
4.65001154    
4.66001177    
4.67001200    
4.68001223    
4.69001245    
4.70001268    
4.71001291    
4.72001314    
4.73001337    
4.74001360    
4.75001383    
4.76001406    
4.77001429    
4.78001451    
4.79001474    
4.80001497    
4.81001520    