   7.3994137045046591     
   10.140277316312728     
   12.482490585298788     
   2.1650438617909833     
   4.0816296171640047     
   12.920452483471156     
   2.7614756569003363     
   7.9241556608434722     
  0.77942336185618510     
   14.732194882743526     
   3.8803080977806919     
   9.6196606538495431     
   10.162827147281334     
   14.587345285515255     
   5.5277562688269670     
   14.899361560602850     
   12.353579814807334     
   12.482199179465038     
   4.8243654732738266     
   8.9765997674550668     
   5.0782346607290210     
   1.0792303019789584     
   12.649691145288827     
   14.830382175755899     
   7.0545781817601529     
   14.982522720801022     
   6.7293383220723495     
   11.055448237839698     
   13.772890451950774     
   3.2032333253671070     
   12.720665646825767     
   9.8851228298271163     
   7.9234691520180203     
   2.4255751703823156     
   14.212733107475346     
   12.861106703521914     
   6.4644952931687776     
   10.521280237474272     
   11.941738448422621     
   10.740796886545954     
   8.2806425238098367     
   5.4790137496090257     
   12.952556840446187     
   14.135404150884151     
   10.814195424461731     
   2.0515287802392681     
   12.708672871700545     
   10.610311478330212     
   14.264650688656609     
   13.372215864712421     
   14.510506803457023     
   1.1300782842172046     
   12.501404320182813     
   9.6017502357429194     
   6.6914653954696979     
   12.263721212496534     
   7.7786015214734148     
   3.9083059810754603     
   2.2567039543764440E-002
   14.199960140726919     
   6.0354638706627082     
   4.7480700801724591     
   6.8425228839380461     
   4.3469657131012873     
   1.0312706766407149     
   11.102281364730123     
   3.4303945099346653     
   6.1598180847246571     
   11.247553670646433     
   14.943955306238710     
   2.2499784480019338     
   7.3235080867375180     
   12.732273175163289     
   4.6456460189620623     
   4.9192867936678120     
   2.9180008615123509     
   8.8619838639436939     
   13.203741912559735     
  0.96286165444012051     
   10.261045945360340     
   12.626640778878986     
   2.3042544287824618     
   6.9804697532923488     
   11.987391168222684     
   13.452483269402990     
  0.84114288726451225     
   2.5393566634288005     
   8.4098576938587666     
   3.9988146679123866     
   7.7001051018944997     
   8.4497201376973159     
   2.5139243387262802     
   10.544192254911316     
   4.3744754931246455     
   4.0021627269490496     
   9.7368797226808059     
   12.540871084333812     
   14.420663284005926     
   4.9896028391086231     
   4.0503278453855440     
   13.158543530609315     
   5.2366992348189259     
   13.522024363713349     
   2.0627386702898920     
   1.5178475255699639     
   8.5675228907212304     
   5.7017397956464579     
   1.4285907876796871     
   6.8328355213588265     
  0.61792360452887096     
   9.5465957932129353     
   11.537253168416864     
   5.8844426096093656     
   6.3170749199040905     
   4.1181109848761475     
   10.717526138176597     
   14.847283805218245     
   12.499644482593366     
   9.2525372557800978     
   6.4063532876967733     
   6.4537549193241137     
   11.743722002415337     
   2.8929282833810670     
   3.4068721810927785     
   5.6861948301598799     
   1.0935486652911566     
   9.6390642517441769     
   3.2052714662550867     
   6.5809527847893543     
   12.570164244481274     
   7.2265374343702282     
   6.3378839351909546     
   11.158228123072455     
   3.8639372790279416     
   8.7878667898485965     
   8.2394175995967611     
  0.23010987925766138     
   7.7341147195954294     
   11.333811208190683     
   7.0792411973968692     
   6.2256551269249005     
   5.8999728484525447     
   4.7527226385972501     
   11.994912657384507     
   11.208018874581990     
   6.7780228982430240     
   9.1697577646890931     
   2.0018579353398049     
   12.950860234512110     
   14.582445243652984     
   9.2500872900777669     
   10.617698110101363     
   14.051401474957691     
   13.668978010051427     
   6.1438588769020184     
   8.5298556058193675     
   2.7322164995711411     
  0.17853212948957836     
  0.54791365183396790     
   6.1676807273318985     
   9.7062508008700696     
   13.344290763309267     
   7.8238172085899738     
   6.0328261626824098     
   11.598993875254321     
   12.577190327497901     
   7.6861987523221789     
   14.654844592607422     
   12.284865930614814     
   7.3141890174405955     
   8.0767192759167603     
   12.157708650181373     
   7.5127627188096859     
   13.017111278687461     
   11.901257058000585     
   7.7567806075892909     
   9.9314851700475266     
   7.2044270643674215     
   11.039379003946371     
   12.709599018563528     
   8.9034798336233916     
   4.6035708497728205     
   5.6354106494340535     
   4.6040859375102769     
   13.783900092017230     
   13.286477954492284     
   11.117444893841114     
   5.8578070807383815     
   12.764189873026265     
   2.7736858319143343     
   12.626570830552232     
   11.569937374513493     
   2.9321094086910575     
   2.6907035304115512     
   14.009928333666283     
   8.2345032106481835     
   7.9707694307719956     
   13.261801659768359     
   4.1508389064736457     
   12.586723174824630     
   7.9201370443409180     
   5.4382344082951253     
   13.319187479185800     
   12.682938504552220     
   6.0125092642499274     
   8.1598963385487639     
   5.2398613551649902     
   4.1237854007272725     
   6.4953858835980283     
   4.8384627109548468     
   9.6559631994685393     
   9.0190898831709436     
   12.564051336584287     
   9.3494682462940855     
  0.27892080380007700     
  0.74119497731312534     
   7.0714963031994209     
   14.013425191790089     
   11.233729416756844     
   10.613048089911784     
   11.139635024456146     
   11.835486771212485     
   2.9999250455054529     
   7.3440593943752850     
   14.995277172817811     
   2.2829647836039375     
   9.0133691835631762     
   3.0164473133306542     
   5.8261820628331877     
   12.420328842016996     
   8.3084419301420667     
   8.7642513810803369     
   3.5321393972226667     
   5.6694459630368810     
   5.3028664850519238     
   1.0344250068768748     
   4.9266630229084107     
   14.408940146164014     
   8.9760118031328169     
   13.376943730581225     
   10.724465135982969     
   13.409745721887941     
   8.6932669836033849     
   8.1796838818101882     
   12.090609107172376     
   14.940655334291387     
   3.9289264532688706     
   2.2386384017875383     
   5.0561977598750723     
   9.8676320879155064     
   1.7189872163180204     
   4.9913679122100634     
   7.7570448489430577     
   14.479067853183791     
   1.0919993652018780     
   2.8408144473177286     
   4.0765986955881521     
   12.749521690381709     
   8.0683104206534555     
   8.1300607408639411     
   8.1229857809945951     
   9.0222440345383585     
   13.309479380492373     
   6.1603162684098303     
   4.8918211038762953     
   1.4424131239551423     
   5.8471577182167502     
   2.0153684539011136     
  0.12774170471992061     
  0.49529474573814375     
   3.1242907581604946     
   8.4822913804784985     
   5.6547034805886511     
   5.2848281311477860     
   4.4881647531381557     
   14.551794477050267     
   4.6706078191564586     
   11.615508702916800     
   13.087146877385756     
   13.240893885951794     
   5.7580459721849646     
   5.1453374019287592     
  0.24459164846649928     
   13.120736492822461     
   11.387401705208282     
   8.3836459491003570     
   1.6422065569709341     
   12.829185060078494     
   8.8609319471759722     
   5.4616187970439549     
   1.7975349387923636     
   14.393559253840445     
   8.4231220381093035     
   2.4599071751057369     
   9.8539839931437836     
   6.6622012567633204     
   14.768799002320270     
   4.1921308680951714     
   11.708400968683286     
   6.0217701978383946     
  0.69936497615297066     
  0.68723655374927417     
   7.4688341117207306     
   12.410586902377934     
   8.3297513234545431     
   3.0972864798331776     
   2.7574569692364679     
   13.398573875716666     
   13.140185127573307     
   13.776027908792120     
   13.980869585348994     
   12.597172161717459     
   12.273647657158548     
   12.656105862522237     
   11.950165083422362     
   8.7339740407612432     
   11.744175860003233     
   13.344397082717018     
   8.1420194950631064     
   14.995761117856558     
   7.2282221780237634     
   10.456626313957976     
   8.5272031110240540     
   4.5511929016021595     
   6.4168154272947193     
   3.4073695260572245     
   9.2238280635098207     
   6.7248780570779756     
   11.618132549948392     
   12.327842313772061     
   6.1177382999360628     
   13.353435757830690     
   3.3677139362001256     
   5.9831926471709158     
   4.6815511352384789     
  0.16320188311250541     
  0.97101001703026979     
   9.9375916125457646     
   11.481523318027721     
   4.7517988660074764     
  0.51404120141800824     
   12.992838454269865     
   8.1109280860075739     
   14.419617627306319     
   11.452490348542606     
  0.86837446806230389     
   2.9931112379282534     
   4.3710370231625895     
   13.615887384094869     
   1.9635882393456940     
   1.8985815344983719     
   2.8248775300833935     
   8.9962159158457506     
   3.9444385669496227     
   8.3917602874832085     
   7.5654968363944954     
   1.8468112768140252     
   5.2708500231602970     
   14.682247457874128     
   14.028534692109496     
   2.9926158320063947     
   14.002483869131467     
   12.035692307728079     
   3.2820955526247424     
   12.342833283282028     
   4.2154107384706201     
   2.1704789807360467     
   8.5621529890005483     
   12.161878330769014     
   4.9759908741725978     
   4.1475634023704844     
   14.617471889303772     
   12.601246653578574     
   4.4011044513679876     
   3.1355055972956984     
   6.4512243504769264     
   7.6101800505137653     
   1.8087999343772760     
   5.2778179386424098     
   13.751375270788376     
   3.3021453267722696     
   13.194439679701741     
  0.61722235505214396     
   11.662666542399506     
   9.0320679587204591     
   11.005463342560796     
   5.6329651933642566     
   5.9784385019950710     
   11.499498034724247     
   7.4154340441819873     
   2.2812452443614970     
   14.441441995767454     
   7.6928867336427791     
   1.8545823160574846     
   11.479875330052151     
   11.853582414463212     
   9.6535672584934726     
   13.892570354719782     
   12.735131226141533     
  0.60843349062197971     
   14.000903597980523     
  0.68135275807573858     
   13.142550955785358     
   8.1160131272682747     
   3.4479613019160023     
   12.303606644981345     
   6.7588620369159216     
   13.585610245718449     
  0.34289077867474083     
   9.6288506354008181     
   10.240039267361439     
   1.6802275689635093     
   5.0921917400321579E-002
   4.9080692700152753     
   7.2332196240866011     
   8.6072023929232007     
   10.164469952482767     
   10.351995005417102     
   11.915914661753090     
  0.53575221557103625     
   5.8851054417477373     
   9.8826858744671249     
   10.795161757605930     
   13.997399366085059     
   3.8282347722896057     
   11.598465658801532     
   9.0455165423032948     
   4.0853698173204513     
   4.6976548067691324     
   5.8665742066409505     
   1.7973819456154532     
   11.546355651125314     
  0.29152306511146231     
   7.1546401865061275     
   9.7882877274140299     
   12.854799374246397     
   4.4151328474626164     
   6.8592589895587981     
   2.3980532558772847     
   10.145501010794421     
   3.7822897613606150     
   2.5041065045824653     
   14.146421678586794     
   11.683337916294699     
   5.3904479103238589     
   13.689034390217220     
   4.8405211828702965     
   9.1434862808870534     
   4.8747804470704317     
   1.0904977959773521     
   10.880050891833246     
   8.6081109011548893     
   9.3703378845402909     
   8.5455145213324109     
   14.947800263191320     
   2.3708024697590337     
   8.8784156432526533     
   14.288428045742158     
   3.3494093179570714     
   4.0792395258423779     
   10.889941311342731     
  0.97956258543818608     
   13.762370232280514     
   4.3742316500537015     
   5.1202120314680890     
   6.9422324448505703     
   10.395231429262985     
   14.956018388459004     
   7.4163764789932962     
   11.731225197338070     
   11.361876517936389     
   1.8021001591042276     
  0.26533325903250393     
   10.439493134654224     
   5.5092770090197547     
   6.6760151607906870     
   11.218596229914681     
   6.8057165522981027     
   8.1321544374489783     
   10.297087876995745     
   14.413922402919493     
   1.4327358691976547E-002
   9.9468531382681995     
   10.112333442941594     
   6.3567230522038267     
   6.5955002017305286     
   5.3665997228954492     
   3.3109639447970745     
   10.913247155668847     
   10.908226046647012     
   9.4453163709841856     
   9.3058834932943206     
   5.7883934664697581     
   10.886721577216775     
   10.394630311855336     
   4.6914927659924501     
   7.0370927640111702     
   1.6690821511548499     
   6.6397757990320230     
   3.5655151821985855     
   2.2993753953133247     
   5.1776475703909535     
   14.235258753775588     
   1.2090100436919065     
   2.1952878107473874     
   11.137762545348977     
  0.27668471377822546     
   7.4196152928912875     
   9.7796377188367334     
   2.3846101289747210     
   6.4508809301726391     
   12.163068613386086     
   9.9371773935759471     
   7.5219267277846464     
   11.654254783571279     
   10.371936583249161     
   14.120016070297996     
   12.093408690421633     
   11.976966524417511     
   9.4626044875569288     
  0.11916214551116273     
   12.787897740774445     
   9.3813404609568067     
   4.4927833737270149     
   11.951332879108879     
   3.8760792328444307     
   4.7553490753080787     
   6.8307145044046083     
   1.6448874837094440     
   6.0080924745582927     
   3.5886840995903531     
   11.530287580091297     
   12.805633139106286     
   9.5137844769254674     
   1.3330377693359270     
   4.5062313354826875     
   7.4717866884367412     
   14.570872902952281     
   3.9199145293210669     
   13.960260138584413     
   8.9770346016150420     
   6.9371779023247262     
   7.9788226613984996     
   14.992636812291980     
   6.4372200542289351     
   11.185676371125803     
   11.265204909351700     
   14.305055577013531     
   10.715836020596530     
   2.8185734169928542     
   12.226355036139669     
   3.4077697094475154     
   9.7761618876775174     
   2.7622188582118601     
   6.1447947037196045     
   7.8641945784699692     
   1.6612231474627264     
   5.3479644223365579     
   13.979215182391588     
   13.912364935884254     
   7.3863093853969373     
   8.5891974187681779     
   14.211816132734681     
   6.6420371991722211     
   9.3569822090400923     
   13.293079447424281     
   13.426311159410300     
   4.3611218264212956     
   4.1040955488295818     
   10.345974719165218     
   10.105399474553188     
   10.583799386915292     
  0.33438392135578993     
   2.3771500394769443     
   3.6758708610797450     
   8.0091804492049530     
   14.403167154494142     
   12.084375315951771     
   11.537706278624432     
   2.0936539849985838     
   9.3914959594156624     
   9.0442030198988128     
   14.692150067945564     
   5.2448619355061270     
   9.6182526724437789     
  0.69663243820596987     
   14.793012660968698     
   14.015797759413818     
   11.948147906057617     
   11.972358423315129     
   7.4685749814532079     
  0.70134976114852576     
   3.3430707351774402     
   14.492294474972281     
   13.691304295624729     
   9.8800996948455975     
   13.328290387398541     
   5.1825612299598740     
   3.4279688045357055     
   6.9484587731941163     
