           1
          14
          37
          55
          82
         130
         132
         182
         180
         193
         286
         332
         446
         482
         553
         816
         722
         698
         736
         779
         791
        1053
        1177
        1199
        1278
        1431
        1587
        1825
        1898
        1831
        1859
        2332
        2478
        2505
        2678
        2491
        2704
        2922
        3134
        3343
        3382
        3545
        3488
        3863
        3924
        4246
        4108
        4144
        4604
        4582
        4888
        4665
        5092
        5481
        6262
        5843
        5986
        6102
        6628
        6752
        6649
        6769
        7379
        7417
        7461
        7627
        7784
        7785
        8260
        8569
        8907
        9478
       10096
        9868
       10160
       10155
       10714
       10994
       11022
       11225
       11189
       11372
       10963
       10564
       10965
       11828
       12231
       12244
       12085
       12503
       12540
       12271
       12369
       12819
       13260
       13048
       13271
       13857
       13587
       13666
       13443
       13351
       13827
       13543
       13557
       13238
       13822
       14454
       15016
       15167
       15290
       15472
       15823
       15799
       16037
       16437
       16316
       16604
       16195
       16259
       16600
       16778
       17046
       16997
       16931
       17293
       17262
       17452
       17974
       18253
       18327
       18425
       18441
       18076
       17914
       17615
       18129
       18320
       17958
       18152
       17943
       18479
       17882
       18333
       17993
       18161
       18181
       17976
       18177
       17627
       17432
       17556
       17647
       17585
       17469
       17554
       17241
       17000
       16622
       17401
       17769
       17018
       17975
       17803
       18309
       17337
       17113
       17447
       17371
       17207
       17319
       16846
       16272
       15658
       15753
       15970
       15819
       15605
       15223
       15265
       14962
       14664
       14991
       14317
       14506
       14514
       14081
       13717
       13812
       13903
       13720
       13906
       13994
       13329
       13323
       13209
       13080
       13157
       12701
       13204
       13118
       12915
       12514
       12484
       12519
       12316
       12413
       11588
       12369
       11954
       12020
       11915
       11491
       11476
       11508
       11564
       12060
       11464
       11539
       11289
       11022
       10850
       10633
       10013
        9754
        9446
        9002
        9033
        9088
        9401
        9871
        9672
        8758
        8331
        8016
        8517
        8181
        8403
        8114
        7860
        8107
        7825
        7473
        7161
        7187
        7305
        7158
        7211
        7120
        7120
        6931
        6724
        6443
        6469
        6363
        6645
        6255
        5974
        5706
        5756
        5601
        5564
        5508
        5347
        5447
        5053
        5101
        4909
        5015
        4703
        4809
        4691
        4521
        4510
        4473
        4355
        4044
        3919
        4134
        3996
        3887
        3887
        3519
        3116
        3029
        3175
        3076
        3165
        2910
        2862
        3056
        2795
        2574
        2650
        2563
        2517
        2412
        2406
        2504
        2527
        2712
        2523
        2554
        2541
        2531
        2519
        2392
        2172
        2017
        1854
        1867
        1793
        1835
        1528
        1760
        1672
        1751
        1734
        1624
        1667
        1551
        1606
        1657
        1522
        1707
        1424
        1386
        1322
        1301
        1226
        1197
        1246
        1325
        1203
        1171
        1210
        1184
        1180
        1176
        1048
        1004
        1169
         975
         970
         935
         836
         791
         775
         697
         642
         608
         575
         559
         614
         527
         479
         463
         422
         433
         396
         381
         421
         480
         456
         432
         494
         425
         413
         345
         263
         305
         358
         358
         292
         247
         281
         330
         229
         301
         272
         222
         197
         252
         208
         250
         237
         263
         262
         189
         168
         133
         131
         121
         136
         102
          98
          96
         103
         101
         112
         119
          68
         102
         119
          85
         100
          74
          62
          48
          41
          52
          58
          79
          71
          83
          66
          76
          62
          49
          79
         122
          69
          25
          21
          24
          16
           8
           7
           6
           5
           5
           7
          15
          21
          11
           8
           5
          10
          42
          14
          24
          30
          25
          30
          22
          28
          23
           6
          13
          18
          16
           7
           3
           7
           0
           2
           1
           0
           1
           2
           0
           1
           2
           4
          13
          13
           4
           4
           4
           5
           8
          11
          12
           2
           3
           2
           2
           3
           3
           4
           5
           8