   7.9518933308068060     
   2.9229804955646292     
  0.89513896808088556     
   11.511266817371453     
  0.92375094868318863     
   2.4716432658620873     
   8.3993451910920260     
   4.7345554508519045     
   9.9109157797439007     
   1.1572461694528771     
   7.4090739749954810     
   10.729576709041643     
  0.98228757633664576     
   8.4484212013092179     
   1.1860047762185957     
   2.5567398971236379     
   2.3785484784650364     
   13.376111141038582     
   8.3811717582113516     
   9.5008428363702819     
   2.2791167330435451     
   1.1759483718315951     
   7.1709355894994822     
   11.225423154159575     
   5.2088196513215612     
   4.8281162148697145     
   1.5769493045529048     
   6.1460765768585377     
   5.8474194478254820     
   14.320460797251068     
  0.11582445652936438     
   1.7428816356778016     
   13.342504719726319     
   2.2882772697547393     
   10.289252659602161     
   9.2717175967897028     
   10.396029129737741     
   6.6591015251320949     
   9.5121149300949240E-002
  0.63860925249090561     
  0.38870378967334401     
   6.3186386323158406     
   11.554502175212200     
   5.8225251454228033     
   4.9624988753443215     
   6.9202306065350738     
   11.794521218146450     
   6.3212422433483377     
   6.7029882433982753     
   7.6298744826358496     
   13.268534203518229     
   14.129927389887614     
   8.4530960014506622     
   11.111655040162830     
   12.516043144117479     
   12.018388835693679     
   10.670398340384851     
   5.9311227093764050     
   11.931502783195373     
  0.26938041468820906     
   12.528132961981223     
   12.340982332991683     
   13.263030046973572     
   12.041313650832002     
   12.143162500223935     
   7.4765664333786077     
   13.630617600565873     
   1.3746889717859314     
   10.794108754686823     
  0.94458444709185763     
  0.61577394907704575     
   2.7044943111968469     
   4.3347659832177525     
   9.0543932266922624     
   11.464287502761174     
   5.4747079906743368     
   12.965005762413165     
   13.004636479929465     
   3.6943867707252021     
   2.3229478669708192     
   4.5476815260623820     
   11.412580719859541     
   4.8279280045972275     
   4.5314747514882185     
   13.506139760678467     
   11.429212208907348     
   12.728886937374709     
   13.789450609556239     
   5.5161890288021613     
   10.225190890602860     
   11.203937992629086     
   2.8996888531039580     
   9.0912726824227690     
   6.4034719465842524     
   1.5561155107178652     
   5.7530193573904462     
   10.777424813544767     
   4.7648403812464721     
   3.7744724630132112     
   8.7647630079186385     
   6.6581617887864839     
   2.6899497046384671     
   4.7914385021352732     
   2.1579978126385519     
   11.857056371100786     
   12.493569255082907     
   3.4443336314262463     
   9.5873608146331772     
   12.939511620797038     
   4.0873457592030515     
  0.99426821627378170     
   5.7437897861687173     
   7.2757715801793426     
   3.0839880001330831     
  0.63685222920595586     
   6.4872372021114169     
   7.7827405302630694     
   9.4849552339024967     
   3.4846726118421585     
   2.0532054771834196     
   5.8519098002932113     
   6.4387474731445806     
   12.344091271448521     
   3.1130512221652236     
   9.1424794465119650     
   10.860554279474158     
   4.3197636752928279     
   5.6656566573469336     
  0.61540212369354463     
   6.5722708873826559     
   10.403987021132393     
   11.033339072103537     
   13.875312846283549     
   6.8649046399164861     
   2.7428473036435270     
   8.7729139604905875     
   3.5029991310983633     
  0.96475363089599897     
   12.741196563130845     
   2.2647034249583760     
   6.6267889315734063     
   13.899459689654085     
   13.794166702209141     
   1.4901703806497204     
   3.2908363212931948     
   6.9032047121842499     
   7.2725434709727832     
   10.894786865821885     
   5.4636573827444490     
   14.877408175993384     
   11.181271329487695     
   11.935827048250129     
  0.72448471266890546     
   6.4976130661495546     
   1.9741895147208204     
   2.7149744633383426     
   9.7012386127314159     
   13.075692523991755     
   14.330961580688911     
   10.864401500903547     
   4.6342267826156229     
   8.4337362931276711     
   5.7252008424452789     
   3.6461678500364756     
   13.805293453480497     
   3.5699329869678906     
   8.7349932707012830     
   9.0266623209314538     
   10.529813124025681     
   9.6168864377928465     
   3.4824158740344133     
   7.8491745549683358     
   5.6241017095838828     
   7.8860548525413234     
   3.6444911524664652     
  0.84985577021470904     
   1.9589933865832811     
   3.2119004405567586     
   14.561752044539617     
   11.401952006616527     
   7.3647620773681401     
   11.578026034198500     
   9.6567829912473382     
   10.998949899743614     
   2.1570538375843791     
   1.1756627097714114     
   3.1768280509127895     
   11.873175559795046     
   2.6380707935143524     
   6.7132085603691021     
   10.679321807393665     
   13.664991175812444     
   13.940300041822772     
   4.6982421622351263     
   14.515817824438267     
   7.0325222161005732     
   2.4884809093631399     
   11.043742862726397     
   2.5830139044992690     
   12.078005203272335     
   13.337458302618812     
   9.8543306225788339     
   6.1507642161721199     
   13.414468077825530     
   11.654887050836587     
   2.0469390340028601     
   9.6242397309444190     
   6.4830253314450053     
   4.2746868874522432     
   10.321957758361700     
  0.93769686463945812     
   7.7201842568466352     
   6.3352267140378169     
   9.6604764788171185     
   6.2047244629948217     
   1.7306833225750473     
   10.906161740720991     
   12.408813837693890     
   6.9954568706467297     
   5.9806255430480499     
   10.072197504970037     
   1.4133971844406670     
   8.9279924963634585     
   5.3572300658379914     
  0.47857395904355809     
   11.077171729336191     
   7.7880932528968811     
   1.7612237109230222     
   10.833556062285490     
   3.2914639733301083     
   10.216544303686165     
   2.7727404368209672     
   3.8032482426267102     
   8.0405417816329265     
   4.8356380473370884     
  0.62799318484055233     
   12.828099463152524     
   7.2450332981652155     
   4.9060497218795405     
   10.160466885285038     
   9.0573495970128572     
   3.1969703322267562     
   4.3478249896475418     
   6.8720957421947926     
   14.252960383343881     
   6.0460582925792785     
   13.541265868794817     
   3.2237273618462483     
   4.9649406090797257     
   5.6028699449481802     
   5.5158557482728447     
  0.75124571180571487     
   3.6006022501650934     
   8.3143413696939845     
   6.7271803018510585     
   7.2198675059763495     
   1.9460651028649485     
  0.90342809175428451     
   3.8962621796139296     
   12.057662018274790     
   10.043967323622573     
   2.6255417353284303     
   2.4112361951434584     
   9.1539605334180596     
   10.991255037849724     
  0.67528771946207733     
   8.8907733478305193     
   7.6536228113565929     
  0.75433329500434076     
   8.7625929978156289     
   7.0504147746632935     
   5.9950937680270862     
   11.684678713202675     
   8.0814778755851666     
   7.5788494123082835     
   2.6646858459767073     
   6.1003503321052435     
   4.0595037185080063     
   8.6109267305000774     
   5.6856998664439633     
   14.996058986021943     
   4.3313136809660504     
   1.3536688645807959     
   6.9576549009384143     
   8.0486651929488122     
   5.2418374228803870     
   1.4843805004046380     
   5.1817456568211524     
   6.7810584407630854     
   12.866864962239557     
   7.9208388450947291     
   7.7847017057445997     
   6.1481298399991440     
   1.3076742356754787     
   3.5765911832566912     
  0.86236659537799565     
   1.3979914398761717     
   8.8197613206152869     
   12.939390872035869     
   14.054760011732430     
  0.83327905631806376     
   1.7169399547804243     
   9.6340994985054085     
   13.706312051987563     
   2.5703015975357149     
   14.155867001602649     
   14.972375628095758     
   4.9988131850570632     
   3.6207227098910320     
   14.218562788852498     
   10.000176491887240     
   6.1562908055558205     
   6.2869648625867836     
   7.2699304101847240     
   1.1349394842696203     
   11.293690738547204     
   5.5874433299861890     
   8.4118788525504087     
   7.6195087585276182     
   11.918472532971080     
   9.2603564271366903     
  0.42808935882536697     
   9.3567634704344016     
   9.1998757297152896     
   8.2573200396517894     
  0.64736322979734351     
   12.006206787655742     
   9.4304262014938391     
  0.43712027817508597     
   3.3700396651256197     
   1.1989450257641265     
   11.759845409862594     
   11.387570165800170     
   6.0598610561988338     
   14.744268604163340     
   6.7314338268390639     
   8.2856271840912559     
   14.940235946960261     
   9.8930990197226460     
  0.95717741025990832     
   10.958092032625217     
   5.5308856505723121     
   3.6383292227990860     
  0.46299707608072160     
   5.7228647881450954     
   12.844089320658421     
   12.413195226713006     
   14.618098009851900     
   3.7970689279401575     
   11.168244932411790     
   10.060642249533654     
   10.774658413824731     
   7.0900548340967591     
   1.3401453690605116     
   1.5525306578630598     
   13.109282846654514     
   8.4094394906654895     
  0.46746990429487684     
   11.047643534674986     
   9.1156193376903740     
   6.4612932052424279     
   4.1764011078575605     
   7.0529526606625303     
   10.602069888424642     
   2.9949903972149015     
   13.054276388920330     
   5.7731199514865414     
   6.0688554665101915     
   1.7652251403713861     
   5.5358539739675141     
   12.523601934828477     
   8.1555226376416137     
   9.4511534104019130     
   11.989514466342897     
   2.8288772697792934     
   8.9961277228678700     
   14.661047805166003     
   12.507677211435020     
   5.3274712969040294     
   5.8728945082842703     
   7.3835026244913413     
   4.4097611422687182     
   1.3830794528173551     
  0.85394839602114014     
   2.8569774400162817     
   11.089806031176170     
  0.74176222142891524     
   11.598034348627724     
   11.179970605204611     
   7.8337900507551863     
   10.973387785897728     
   7.1307683886195097     
   10.265221532410870     
   11.084376320287459     
   13.513061366060256     
   2.3546046510041498     
   14.047431021807844     
  0.84448348837706899     
   12.443785958542655     
   8.2981095445077866     
   2.3797558068063331     
   8.8205031968582315     
   10.604237090259595     
   12.750445828298480     
  0.70724082047025760     
   5.0917489231245048     
   10.007098658311939     
   10.373856845779278     
   14.203996474861356     
   6.8052338839834183     
   7.7074021646120565     
  0.41655242144278387     
   5.5810693460848499     
   2.1963502704384692     
   11.259904526466405     
   1.7687795453164441     
  0.51488487967939456     
   1.7801095293002074     
   7.0023989131916595     
   14.711597714099323     
   12.075318277023850     
   14.865608633208067     
   14.933598628687257     
   12.309710741405338     
   4.0622282554960965     
   1.2120477567474870     
   7.5413233187697539     
   11.410698387260744     
   12.775968553352397     
  0.12313106775803208     
   12.560404491340000     
   14.344263945363686     
   12.228514853302801     
   5.4426163563461971     
   6.0435734576057882     
  0.64668650677439776     
   3.8086867548913479     
   7.6025126886413101     
   9.7117648644571464     
   2.4531510521848250     
   8.8610384699046136     
   2.5573328082184807     
   10.389435008554127     
   6.4069338959870299     
   11.990088548695303     
   5.9930585479201186     
   9.8458878437734612     
   1.4736460140330867     
   13.118048342322608     
   14.177454742287743     
   10.379192864341567     
   3.8321007594544341     
   12.993636755771627     
   8.6587869583452886     
   3.5131765546438691     
   13.366680746308756     
   2.7797695401638491     
   11.950461565744401     
  0.40470838555223887     
   13.258574240952695     
   4.0542713107603694     
   7.4021164776487245     
   2.5293058484255106     
   3.9440947335222973     
   14.203083500489644     
   3.8730674171739823     
   9.0329002658689657     
   6.3587467029922227     
   2.8537852675443562     
   7.0775633796143582     
   5.4737108564174743     
   9.9592521743293911     
   7.2204892745233176     
   2.3715853963746261     
   12.973548308093703     
   8.5843975533148598     
   7.0783215888823095E-002
   14.599922107157603     
   2.9338649945581814     
   13.035347734166480     
   10.811048346447103     
   14.136179770658268     
   5.2951743422299380     
   6.1091312539255611     
   14.778029702388709     
   13.460792513848620     
   13.820546677884314     
   2.9309723070588096     
   7.4390096916518642     
   12.901580015005312     
   10.381013202520236     
   8.6220836816324855     
   12.221125791696391     
   4.0174966975658277     
   13.229975310127736     
   5.6529524753186138     
   9.6265247092697983     
   14.177522737361890     
   7.8278795453115535     
   13.342219961263174     
   4.2159594860353469     
   1.6326462037914038     
   1.1400690164648990     
   8.5068053548682556     
   10.269070536811155     
   3.2597360264542150     
   9.5024315871225795     
   10.343121565181116     
   8.2276578330093013     
   4.6149302185324670     
   6.9759680165488609     
   10.382321585366062     
   5.4213273771277466     
   10.514728815117415     
   9.5537411519045214     
   6.8963434340371510     
   5.5148715227351390     
   8.0651239819715315     
   11.682647544104707     
   1.8294325885789733     
   1.4644335446554433     
  0.96491703201367307     
   5.1321706121833248     
   11.429934903471869     
   5.1872919369975703     
   4.4162321806918188     
   6.4385458481100519     
  0.37942757752011186     
   2.9886236489313176     
   12.886694359453339     
   8.1793722349696463     
   10.801751226141185     
   4.1308152017883693     
   6.6432262700452744     
   13.855187275076300     
   11.314398138980028     
   14.855888483848297     
   10.428221507268631     
   14.660467855507934     
   14.401298160694070     
   9.4483122853133032     
   12.481296272735069     
   3.1001721718057893     
   11.620968034948040     
   13.964435123594621     
   8.1598775660475056     
   8.9488544392878815     
   14.348206955526017     
   10.464738657318088     
  0.10056856089041535     
   11.658381579403811     
   3.4586319595820969     
   7.1291671572574531     
   1.9634621816937663     
   13.951010036287885     
   5.4878471002407032     
   4.6530538706006288     
   8.3886673959315718     
   10.115843469140181     
   10.404416556302916     
   1.6311890217088936     
   5.6968356307391943     
   13.103539030586390     
   8.0222770227961391     
  0.42775432132168162     
   11.145042842638178     
   8.8966706044265376     
   13.391976188996855     
   4.3441537589945876     
   5.0997192572562104     
   11.571205507255103     
   14.981567135965577     
   10.202765029986880     
   2.9878305586427345     
   8.3460479203346054     
   5.0135858237331963     
   8.7161551822238792     
  0.55785575880320959     
   8.9900847815554830     
   8.0371863099130110     
   2.6545865985324277     
   7.9520412013636612     
   5.3822329746851620     
   11.842395302335394     
   11.869895271363660     
  0.29220447630088803     
   14.635776229449764     
   9.8142656727245026     
   13.820470812657915     
   9.1112910608876572     
   5.5210828412931754     
   2.3279524486032342E-002
   1.5955950963891656     
   2.5699394128632327     
   10.143238661211127     
   6.4768049114762238     
   14.405268598948652     
   2.3239247273758115     
   5.6635356125954415     
  0.52481068547868326     
