   0.00000000    
   3.99999991E-02
   7.99999982E-02
  0.119999997    
  0.159999996    
  0.199999988    
  0.239999980    
  0.279999971    
  0.319999963    
  0.359999955    
  0.399999946    
  0.439999938    
  0.479999930    
  0.519999921    
  0.559999943    
  0.599999964    
  0.639999986    
  0.680000007    
  0.720000029    
  0.760000050    
  0.800000072    
  0.840000093    
  0.880000114    
  0.920000136    
  0.960000157    
   1.00000012    
   1.04000008    
   1.08000004    
   1.12000000    
   1.15999997    
   1.19999993    
   1.23999989    
   1.27999985    
   1.31999981    
   1.35999978    
   1.39999974    
   1.43999970    
   1.47999966    
   1.51999962    
   1.55999959    
   1.59999955    
   1.63999951    
   1.67999947    
   1.71999943    
   1.75999939    
   1.79999936    
   1.83999932    
   1.87999928    
   1.91999924    
   1.95999920    
   1.99999917    
   2.03999925    
   2.07999921    
   2.11999917    
   2.15999913    
   2.19999909    
   2.23999906    
   2.27999902    
   2.31999898    
   2.35999894    
   2.39999890    
   2.43999887    
   2.47999883    
   2.51999879    
   2.55999875    
   2.59999871    
   2.63999867    
   2.67999864    
   2.71999860    
   2.75999856    
   2.79999852    
   2.83999848    
   2.87999845    
   2.91999841    
   2.95999837    
   2.99999833    
   3.03999829    
   3.07999825    
   3.11999822    
   3.15999818    
   3.19999814    
   3.23999810    
   3.27999806    
   3.31999803    
   3.35999799    
   3.39999795    
   3.43999791    
   3.47999787    
   3.51999784    
   3.55999780    
   3.59999776    
   3.63999772    
   3.67999768    
   3.71999764    
   3.75999761    
   3.79999757    
   3.83999753    
   3.87999749    
   3.91999745    
   3.95999742    
   3.99999738    
   4.03999758    
   4.07999754    
   4.11999750    
   4.15999746    
   4.19999743    
   4.23999739    
   4.27999735    
   4.31999731    
   4.35999727    
   4.39999723    
   4.43999720    
   4.47999716    
   4.51999712    
   4.55999708    
   4.59999704    
   4.63999701    
   4.67999697    
   4.71999693    
   4.75999689    
   4.79999685    
   4.83999681    
   4.87999678    
   4.91999674    
   4.95999670    
   4.99999666    
   5.03999662    
   5.07999659    
   5.11999655    
   5.15999651    
   5.19999647    
   5.23999643    
   5.27999640    
   5.31999636    
   5.35999632    
   5.39999628    
   5.43999624    
   5.47999620    
   5.51999617    
   5.55999613    
   5.59999609    
   5.63999605    
   5.67999601    
   5.71999598    
   5.75999594    
   5.79999590    
   5.83999586    
   5.87999582    
   5.91999578    
   5.95999575    
   5.99999571    
   6.03999567    
   6.07999563    
   6.11999559    
   6.15999556    
   6.19999552    
   6.23999548    
   6.27999544    
   6.31999540    
   6.35999537    
   6.39999533    
   6.43999529    
   6.47999525    
   6.51999521    
   6.55999517    
   6.59999514    
   6.63999510    
   6.67999506    
   6.71999502    
   6.75999498    
   6.79999495    
   6.83999491    
   6.87999487    
   6.91999483    
   6.95999479    
   6.99999475    
   7.03999472    
   7.07999468    
   7.11999464    
   7.15999460    
   7.19999456    
   7.23999453    
   7.27999449    
   7.31999445    
   7.35999441    
   7.39999437    
   7.43999434    
   7.47999430    
   7.51999426    
   7.55999422    
   7.59999418    
   7.63999414    
   7.67999411    
   7.71999407    
   7.75999403    
   7.79999399    
   7.83999395    
   7.87999392    
   7.91999388    
   7.95999384    
   7.99999380    
   8.03999424    
   8.07999420    
   8.11999416    
   8.15999413    
   8.19999409    
   8.23999405    
   8.27999401    
   8.31999397    
   8.35999393    
   8.39999390    
   8.43999386    
   8.47999382    
   8.51999378    
   8.55999374    
   8.59999371    
   8.63999367    
   8.67999363    
   8.71999359    
   8.75999355    
   8.79999352    
   8.83999348    
   8.87999344    
   8.91999340    
   8.95999336    
   8.99999332    
   9.03999329    
   9.07999325    
   9.11999321    
   9.15999317    
   9.19999313    
   9.23999310    
   9.27999306    
   9.31999302    
   9.35999298    
   9.39999294    
   9.43999290    
   9.47999287    
   9.51999283    
   9.55999279    
   9.59999275    
   9.63999271    
   9.67999268    
   9.71999264    
   9.75999260    
   9.79999256    
   9.83999252    
   9.87999249    
   9.91999245    
   9.95999241    
   9.99999237    
   10.0399923    
   10.0799923    
   10.1199923    
   10.1599922    
   10.1999922    
   10.2399921    
   10.2799921    
   10.3199921    
   10.3599920    
   10.3999920    
   10.4399920    
   10.4799919    
   10.5199919    
   10.5599918    
   10.5999918    
   10.6399918    
   10.6799917    
   10.7199917    
   10.7599916    
   10.7999916    
   10.8399916    
   10.8799915    
   10.9199915    
   10.9599915    
   10.9999914    
   11.0399914    
   11.0799913    
   11.1199913    
   11.1599913    
   11.1999912    
   11.2399912    
   11.2799911    
   11.3199911    
   11.3599911    
   11.3999910    
   11.4399910    
   11.4799910    
   11.5199909    
   11.5599909    
   11.5999908    
   11.6399908    
   11.6799908    
   11.7199907    
   11.7599907    
   11.7999907    
   11.8399906    
   11.8799906    
   11.9199905    
   11.9599905    
   11.9999905    
   12.0399904    
   12.0799904    
   12.1199903    
   12.1599903    
   12.1999903    
   12.2399902    
   12.2799902    
   12.3199902    
   12.3599901    
   12.3999901    
   12.4399900    
   12.4799900    
   12.5199900    
   12.5599899    
   12.5999899    
   12.6399899    
   12.6799898    
   12.7199898    
   12.7599897    
   12.7999897    
   12.8399897    
   12.8799896    
   12.9199896    
   12.9599895    
   12.9999895    
   13.0399895    
   13.0799894    
   13.1199894    
   13.1599894    
   13.1999893    
   13.2399893    
   13.2799892    
   13.3199892    
   13.3599892    
   13.3999891    
   13.4399891    
   13.4799891    
   13.5199890    
   13.5599890    
   13.5999889    
   13.6399889    
   13.6799889    
   13.7199888    
   13.7599888    
   13.7999887    
   13.8399887    
   13.8799887    
   13.9199886    
   13.9599886    
   13.9999886    
   14.0399885    
   14.0799885    
   14.1199884    
   14.1599884    
   14.1999884    
   14.2399883    
   14.2799883    
   14.3199883    
   14.3599882    
   14.3999882    
   14.4399881    
   14.4799881    
   14.5199881    
   14.5599880    
   14.5999880    
   14.6399879    
   14.6799879    
   14.7199879    
   14.7599878    
   14.7999878    
   14.8399878    
   14.8799877    
   14.9199877    
   14.9599876    
   14.9999876    
   15.0399876    
   15.0799875    
   15.1199875    
   15.1599874    
   15.1999874    
   15.2399874    
   15.2799873    
   15.3199873    
   15.3599873    
   15.3999872    
   15.4399872    
   15.4799871    
   15.5199871    
   15.5599871    
   15.5999870    
   15.6399870    
   15.6799870    
   15.7199869    
   15.7599869    
   15.7999868    
   15.8399868    
   15.8799868    
   15.9199867    
   15.9599867    
   15.9999866    
   16.0399876    
   16.0799885    
   16.1199894    
   16.1599903    
   16.1999912    
   16.2399921    
   16.2799931    
   16.3199940    
   16.3599949    
   16.3999958    
   16.4399967    
   16.4799976    
   16.5199986    
   16.5599995    
   16.6000004    
   16.6400013    
   16.6800022    
   16.7200031    
   16.7600040    
   16.8000050    
   16.8400059    
