          23
         136
         476
         923
        1478
        2302
        3109
        4203
        5287
        6612
        8062
        9749
       11296
       13111
       15256
       16970
       19117
       21388
       23615
       26171
       28998
       31251
       33858
       36415
       39291
       42656
       46221
       49065
       52340
       55113
       58310
       61784
       64227
       67539
       70782
       73743
       76702
       80211
       83375
       86010
       88217
       92011
       95618
       98986
      101818
      104974
      106167
      108488
      110714
      112572
      115242
      117486
      119907
      121344
      123970
      125590
      126704
      128702
      130955
      131594
      131973
      133377
      134674
      135654
      136272
      136660
      137804
      137633
      138625
      139247
      138746
      139310
      139384
      139954
      138432
      138291
      138298
      137283
      137702
      137649
      136059
      134456
      133274
      133381
      132105
      130074
      128745
      126723
      125549
      124297
      122953
      120454
      118902
      116641
      114867
      112798
      111023
      109892
      107366
      105704
      103224
      101708
       98928
       96676
       93912
       92746
       90382
       88442
       86029
       84221
       81932
       80251
       78311
       75525
       73481
       71594
       71221
       68721
       66616
       64104
       61860
       59905
       58124
       56437
       54401
       52633
       51166
       49572
       48075
       46064
       44373
       43087
       41562
       39820
       38707
       37204
       35896
       34431
       33448
       32337
       30760
       29576
       28094
       26600
       25633
       24853
       23458
       22453
       21251
       20185
       19139
       18526
       17864
       17072
       16370
       15747
       14804
       14078
       13631
       12994
       12147
       11766
       10944
       10489
        9647
        9381
        8944
        8325
        8054
        7672
        7428
        6962
        6696
        6336
        5849
        5332
        5101
        4865
        4510
        4325
        3974
        3801
        3469
        3270
        3146
        2861
        2782
        2610
        2588
        2480
        2260
        2091
        2067
        2005
        1818
        1618
        1495
        1406
        1317
        1227
        1214
        1103
        1061
         976
         894
         829
         757
         762
         720
         588
         622
         575
         442
         396
         399
         344
         277
         268
         271
         250
         192
         185
         195
         202
         205
         208
         179
         172
         145
         157
         128
         128
         131
          94
         100
          82
          94
          84
          72
          60
          60
          53
          39
          31
          34
          41
          36
          35
          32
          38
          27
          21
          19
          24
          48
          30
          26
          14
          15
          20
          11
          13
           5
           4
           4
           6
           5
           0
           1
           1
           1
           0
           3
           0
           1
           1
           0
           0
           0
           0
           2
           0
           1
