           7
          44
         124
         266
         445
         648
         920
        1201
        1579
        1927
        2413
        2849
        3317
        3824
        4475
        5085
        5768
        6386
        7250
        7985
        8741
        9564
       10495
       11388
       12393
       13371
       14437
       15421
       16431
       17936
       18886
       19973
       21221
       22241
       23432
       24890
       26333
       27404
       28665
       29849
       30996
       32352
       34039
       35539
       37008
       38237
       39681
       40999
       42875
       44000
       45446
       46950
       48199
       49546
       51456
       52026
       53675
       55310
       56780
       57780
       58850
       60451
       61480
       62646
       64145
       65446
       66718
       67542
       69391
       69842
       71036
       72090
       73107
       74115
       75079
       76411
       77009
       78214
       79255
       80131
       80886
       82284
       82028
       83358
       84713
       84894
       85895
       85964
       87043
       87601
       88310
       88663
       89609
       89669
       90391
       90869
       90947
       91265
       91954
       91702
       92599
       93045
       93074
       93319
       92177
       92862
       93121
       93466
       92567
       93353
       93761
       92959
       93156
       92939
       92967
       92195
       91631
       91688
       91359
       90866
       90543
       90059
       89825
       89325
       89030
       88168
       87781
       87325
       85746
       85245
       85339
       84346
       83814
       82966
       82904
       82153
       81082
       80574
       79480
       79407
       78140
       77426
       76570
       75251
       74405
       73739
       73090
       72114
       70928
       70014
       69161
       68248
       67021
       65834
       65456
       64493
       63609
       62811
       62335
       61463
       60584
       59500
       58444
       58007
       56334
       55649
       54653
       53685
       52554
       51454
       50664
       49929
       49010
       47924
       47274
       46809
       45888
       44081
       43677
       43304
       42490
       41481
       39920
       39164
       38949
       37884
       36830
       36202
       35170
       34241
       33330
       33057
       32229
       31442
       30086
       29859
       29027
       28615
       27973
       27210
       26418
       25697
       25177
       24700
       23982
       23490
       22906
       22150
       21341
       20989
       20483
       19945
       19395
       18843
       18067
       17329
       16788
       16657
       15998
       15608
       15259
       14655
       14228
       13824
       13508
       12928
       12803
       12300
       11991
       11611
       11404
       10969
       10479
       10292
        9921
        9467
        9152
        8780
        8650
        8240
        8035
        7890
        7578
        7225
        7125
        6926
        6623
        6532
        6261
        5960
        5685
        5610
        5533
        5158
        4982
        4882
        4587
        4496
        4219
        4040
        4083
        3814
        3675
        3435
        3400
        3243
        3071
        2959
        2914
        2769
        2650
        2648
        2413
        2355
        2266
        2128
        2040
        2030
        1853
        1722
        1693
        1612
        1501
        1520
        1426
        1316
        1290
        1267
        1173
        1167
        1151
        1113
        1098
         986
         946
         912
         924
         825
         788
         793
         785
         691
         654
         677
         661
         619
         585
         561
         507
         456
         469
         451
         474
         500
         415
         418
         410
         429
         364
         339
         343
         359
         292
         273
         283
         242
         278
         227
         184
         215
         178
         170
         168
         157
         142
         141
         127
         117
         122
          94
         108
         115
         119
         104
          97
          90
          96
          72
          80
          66
          75
          64
          63
          58
          46
          40
          50
          47
          47
          35
          41
          38
          40
          47
          52
          37
          50
          48
          33
          24
          27
          20
          24
          21
          21
          29
          25
          17
          15
          18
          14
           9
          20
          15
          15
          20
           9
           7
           4
           8
           8
           7
           2
           2
           5
          10
           2
           5
           4
           5
           3
           2
           2
           4
           1
           2
           1
           2
           2
           0
           3
           1
           0
           0
           0
           0
           0
           0
           0
           1
           0
           1
