  -42.738587474636461     
  -7.0530921443215044E-002
  -2.5728697316042943     
   1.1536815193455414     
  -4.0843548893730208E-002
  -1.8927457820299012     
   1.5480727430188295     
 -0.83709959796982858     
  -2.8486958451285611     
  -5.5747049927740298     
   2.2449122719637984     
  -14.309927976751805     
  -1.8869528263342035     
  0.57664008066519612     
   1.2115736595146669     
  0.60046232764954199     
   8.6974689543836039     
  -3.3181540281218096     
   11.765344138125672     
  -7.5252956497399115     
  -4.0893899852507278     
   3.2976973253143433     
 -0.38864227850171490     
  -40.124756929276060     
  -5.0147639923961069     
   5.4172628956383457     
  0.98136550590588612     
   12.168050693869484     
   5.8328600786805440     
   5.8148217399914044     
  0.11055182867052638     
  -14.340347707678616     
 -0.32215248888808534     
   10.483795146434428     
   17.501505339043291     
  -26.754405778166262     
   2.9137674714134256     
   2.1202145037035369     
  -8.2806414396011219E-002
  -6.4253812847005207     
 -0.54048868422080754     
  -1.4875690858999477     
  0.62559958416793715     
   6.4006154264176525     
   38.617811360947464     
  -9.9899667139532990     
   1.1285020648859283     
  -2.6500226903706530     
  -5.7588195117106160     
   15.118055992441224     
   21.838407147537065     
   4.6718886013041878     
  -1.8233747396107178     
   57.737343688724280     
  -4.3839445462716453     
   1.5013644629267455     
   32.733920098171232     
   10.108110101078527     
   3.6976741907964188     
  -3.0743842496874039     
  -23.863379269075260     
  -44.535788495361373     
  -3.3086461891629759     
   1.1603629578526624     
   7.6970795449560354     
   1.2668675296350858     
  -2.7553984026560348     
   2.5320866189418925     
  -12.660586046944930     
   3.0331748216163077     
   65.797243417260077     
   4.1817867222408136     
  -10.280100008110907     
   8.8737233517422762     
   63.795332677834743     
   12.385546049447052     
  -12.452632517358049     
   3.2804853389565096     
  -2.7736918730950215     
  -1.6614171707514980     
  -7.6575594573810681     
   101.69801589980793     
  -4.2217375736700253     
  -7.7406153443181438     
  -3.0922576706370011     
   8.9444354740372312     
   4.0304692953833925     
   6.8012352165955754     
   1.7794394074287958     
  -1.7944627830782585     
   7.6625098993285699     
   7.4124889267979590     
   35.843769527742460     
   18.552001481380096     
  -17.590026334818081     
  -12.079931340323217     
 -0.86439676808058241     
  -20.500404110455300     
  -5.2316991441389060     
  -1.0050227999229691     
  -2.0455816476358963     
  -7.7835100614087738     
  -2.3679291712126496     
   1.0754106430289403     
   3.4488314060148246     
  -4.3119089374614195     
   11.549351834715690     
  -65.680922223283801     
  -5.4424718455444285     
  -1.6759753547528788     
   2.6017716787404295     
  -2.0468884973692911     
  -31.911998723447351     
  -4.1536445349556805     
   9.0296771906396867     
  -2.3792732324181900     
   10.360785616373946     
  -1.0015239043712434     
   17.703891820617539     
   8.1137452526691994E-002
  -11.202756919770550     
   4.7868398205470148     
  -5.3766767573991761     
  0.20409583552823288     
 -0.68458703757200690     
   7.4762320821269617     
  -7.2706905103373121     
   10.575800543208313     
  -9.5834243737775502     
  0.52825996995762159     
   5.3861641267466078     
  -1.8790349354428848     
   2.6598064067713310     
   10.060363577116570     
  -6.7349165416700894     
   2.0976604437193966     
  -3.7851528620318149     
  -2.4593747485657307     
  -8.0854047336338937     
   12.904943143097190     
   190.87801594274299     
   121.10547282011639     
  -6.1732992365010588     
  -6.0437013133927637     
   19.031436987665611     
   26.170495416647238     
   29.433901795221885     
  -6.9640919005986870     
  -5.0604199129163749     
   3.8534894042096393     
   92.465195801979561     
   9.6236982422350437     
   4.2343029082898278     
   3.8178076480777778     
   2.4936306320454475     
 -0.86873984456590869     
   8.9039247575342824     
  -48.706995005860662     
   41.563094250472865     
 -0.85257264241627906     
  -11.704902713939104     
 -0.59915982282532676     
  -9.2788624625800473     
   46.326643420338705     
   6.2870334535733603     
  -122.06530905487418     
  -27.053935781194326     
  -5.1634309442757171     
  -12.991534324587606     
   8.7561565407930182     
 -0.62175210627713096     
  -7.0316456762204229     
  -9.1661023624911131E-002
  -5.6367236418607929     
  -18.579485168861783     
  -2.9566787042568201     
   48.957945769253094     
   19.927372753826010     
   14.488755741275025     
  -2.0810788635924293     
   1.7118396006735306     
  0.92609606878016437     
   27.197437634073680     
  -14.971712985056048     
   4.7956757663533951     
   23.943327114021482     
   25.878399691698089     
  -30.945001782240954     
  -1.7189712492894107     
  -1.8574739310565751     
 -0.71134129723074768     
  -8.4499458612441991     
   10.957297145631658     
   81.802737046517620     
  -10.241212532211762     
   6.7019359039657571     
   4.5656216724704928     
  -1.7028729742223518E-002
  -6.1339864529320112     
  -14.252420879036535     
   2.3063956157302066     
   13.963727665342706     
   6.1529426962224889     
  -4.3265864839662234     
  -3.2154051170932187     
   4.4205364173101094     
   5.4665550233174294     
  0.93668825994875604     
  -29.918655366497422     
  -2.8639064263148479     
  -2.6987332157435726     
   8.8300979387059382     
  -6.0376601235365461     
  -31.409401812390854     
  -8.1827308076221588     
   25.777021071413902     
  -34.754479028601352     
  0.58250721781283155     
  -12.915765344095025     
 -0.91299384617485468     
  -33.218835798474046     
   79.245950836548104     
   20.297526029384599     
   27.576013215049642     
 -0.69551375515078562     
 -0.13094215322447367     
   9.5001516298982622     
   12.604586892647371     
  -4.5505576323058916     
   5.2730157413469518     
  -7.6523717617461209     
  -11.477372695059826     
   1.3421291152029844     
  -5.9605437585255328E-002
  -10.924434881445471     
 -0.40256780315906171     
  -7.6223321658111924     
  -3.2635025043752393     
  -9.7303817396846419     
   23.496805040300554     
  -1.3579699814321848     
   3.8341033036823937     
   23.684059805594018     
  -7.9216337075124788     
   8.5036546135996680     
  -30.164973467823629     
  -18.122161970990827     
 -0.60791369152237551     
  -2.4216647768663999     
  -46.409039944281425     
   4.0283705929034648     
 -0.79127972575139338     
   2.6445285868816657     
   1.8854975591325811     
  -16.348673556960463     
   3.1557856287331818     
   47.349464816628696     
  -7.8050387948104110     
  0.60663096415623019     
   2.9340627637413270     
  -12.384564580521419     
   3.2863347470315469     
  0.65972903792221294     
  -13.347499229917812     
  -7.8114382048035500     
  -2.5843644434345778     
   3.9846436102598597     
  -11.863281003473929     
  -18.965160900618216     
  -71.923585290907809     
   13.502864059299872     
  -5.6318258453238164     
   9.3895012225690309     
  -4.9942302139328554     
   6.7002910644731211     
   5.6489869370792718     
  -3.7133100496298255     
   1.4412598896351780     
   2.4953859972806933     
   1.9287359208758339     
   10.531532628797313     
  -7.3368354867627641     
 -0.67226990455259350     
  -12.491072904764181     
   14.870230707957258     
  -21.901994614040774     
 -0.83233878698817021     
   7.1506435057328117     
   12.930882856401066     
   41.691076728215791     
 -0.18680532694676782     
  -1.0256521253370057     
   5.6224132737631090     
  0.97127677142354996     
   2.0755707796499383     
   59.013364612528576     
  -8.5661823896146796     
   3.0884603770897567     
  -5.4109529674471091     
   6.0197676122037720     
  -2.7013008619313177     
   9.5101773548574169     
  -4.5635559545854925     
  -21.715277651590629     
  0.43582941887931659     
  -2.1112058684728487     
  -5.1844041397649328     
  -12.320100219334430     
   84.953913988994302     
 -0.15035541751634396     
   5.2128053912444781     
   2.0979715228548881     
   2.1878562355798126     
   7.7379568451517509     
  -54.052135208841761     
  -2.9738022382996192     
   14.618795345178466     
   11.850281300787886     
  -25.804168432397351     
  -1.0892080952961347     
   1.5453242469867292     
   9.3868907972681708     
  -8.7515035963026033     
   6.5441511659317904     
  0.42548256104763266     
  -4.1343981186154366     
  -13.305036662618544     
   14.943371721319089     
  -14.736176772665548     
   31.698088460363238     
   8.9981862005307528E-002
 -0.29869489132867411     
  -26.425954270723921     
  -5.4701330785573647     
  0.17237112964297643     
   2.5589127902068816     
  -29.840405712517907     
  -1.2405858420049136     
  -13.783071531424628     
   5.9831198723848482     
   18.550826135164897     
  -1.2522205144602236     
   17.669949559151650     
   4.8648404374290593     
   1.6394720772178017     
  -4.9621721727664578     
   1.0885418536752591     
   3.4330986960577867     
  -5.9787056364606661     
  -38.611702177624366     
   14.420262361105513     
   33.734790021774167     
  -1.6978694019273595     
  -2.2572626148189805     
  -4.8455709092437331     
  -58.238225534922790     
  -27.206265107032454     
 -0.85596830734160401     
  -4.3253056103971739     
   16.772133997117866     
   63.815612505903992     
  -5.4862729628937972     
   2.8242973774668294     
   5.3680578603896807     
   8.0176783058428622     
   8.0231411493664258     
   39.529530757090654     
   4.1295789139913675     
  -1.5168324185289226     
   49.882484507811711     
  -11.875288491915875     
   3.6421227227997734     
   6.5581275468243261     
  -3.0209279012514090     
  -5.5448112162247325     
   2.1861612949592204     
  -75.449882619369191     
  -112.79876341201543     
   23.523945731231500     
   5.3306976853642256     
   6.8942563843749163     
  -39.736187968921747     
   1.1710149347414660     
   32.752733849606578     
  -5.6379626150260496     
   2.3004809841838449     
  -42.666630567324248     
 -0.81125695532849207     
  -48.003091619906975     
   3.6388410483389779     
  -4.0507555034521090     
   6.2675819513249369     
   1.0494784677317461     
  -16.400900242486902     
  -3.9816917895058905     
  -5.8621027188126025     
  -3.9897638562738797     
 -0.57189214945979083     
 -0.64842997621701637     
   8.8626969122666122     
  -5.5732594622931133     
 -0.29609432480442499     
   5.7500373906344020     
  -4.5994333173486774     
   2.1978273138176601     
   10.540186336679266     
  0.20711322232200313     
  -4.0266643084360272     
   1.0293576106759867     
   27.460320527823498     
   1.5476587334778820     
  0.37403987814493878     
   16.777558188373746     
   14.639870309181191     
  -5.2392131791928662     
   13.631485818492507     
   6.0645927447806649     
  -8.5439095127789422     
  -27.608271768902679     
  -35.549687207021819     
   1.7283690478949501     
   6.5330167698819146     
  -31.419930977665974     
   37.889194005054726     
  -14.487799061041853     
   31.628993018674912     
  0.76295402545850632     
   27.581767336880198     
  -38.810327508978098     
  -4.8496787733815054     
  -42.051743539594440     
  0.97878358829688406     
   22.519593035274276     
 -0.21522874198777164     
   10.786107071792490     
  -3.4357508332024711     
  -6.9016464588531621     
  -2.3281539207635107     
  -1.5183930798623289     
   20.386529517670525     
   4.3193372468569837     
   5.8829343437474240     
   31.869114659750466     
  -77.713069677593865     
   1.5721546394888568     
   8.4292753154137507     
  -5.6780813872976461     
   11.055721005365550     
  -10.616669840369843     
  -22.695976110752493     
  -1.0013038135873331     
  -66.090065044354176     
  -1.7698934313389008     
  -3.6617261836723940     
   60.390480395397219     
  -5.0237568966724115     
  -21.244058447928197     
  -4.8585091540140795     
  -3.7517647336819167     
   36.822872618482023     
   5.2808012926632122     
  -69.216636502989900     
  -1.0623831915959918     
  -49.085116345462289     
   12.236431924777053     
  0.61812998519131979     
 -0.96110471931964325     
  -14.050682885585122     
   12.032356646658624     
   19.962416818978284     
  -15.491525117862558     
  -7.8591907698878236     
  -2.0090177716327768     
   3.4338626332905071     
  -2.8168949183928174     
   8.9941018127547334     
   2.4832370827204109     
   6.4269687769680912     
  -2.7088691201936665     
   124.67824084505739     
  0.50042365276835188     
  -1.5135688471299604     
  -5.1463877475070614     
  -2.1790405733530571     
  -4.4741025663919896     
  -13.244447995953223     
   3.8715228038872080     
  -5.6684639090980440     
  -4.7735282988219246E-002
  -10.220788897214756     
  -22.872455991023717     
   3.3188704467640675     
   47.487086967750166     
   1.0118204303647087     
   33.829001904822604     
   5.2903469407486412     
  -11.303284893712988     
  -5.2136398572989071     
  -4.9871994595202818     
   2.5069168617884019     
  -2.9638782713023222     
   3.4916535625326564     
   4.6021684731256896     
   8.5483716879385927     
   28.109645415365673     
   1.1238314236928415     
   2.7839796094196942     
  -3.7220646096651588     
  -5.1462873566009844     
   4.6866525190148849     
  -6.3190538941162950     
   15.922810001765182     
  -6.6851963178412435     
   36.897154679800515     
   13.686337912817082     
   2.1915079498558869     
  -3.5261909920158172     
   6.8395805292304690     
  -10.020324388103829     
  -1.7543422279508212     
   3.2017113580129428     
 -0.80342685693891647     
  0.30302934402192527     
   9.4915662907346317     
 -0.32166823724881999     
   5.7502461890371386     
   4.9862387927484244     
  -16.332417614487525     
   9.4567067724705183     
   4.3356228258851663     
  -62.850713329020614     
   17.208719593032175     
   4.6321318121594830     
   1.4189206120006956     
  -9.6735332994148955     
  -6.0771464502644950     
  -20.889887545202630     
  -12.242189497458153     
   5.9886499003337299     
  0.42071469613463086     
  -2.0822199231456189     
  -3.9830657120046458     
  -17.687714781895899     
  -20.443509522027593     
  -4.7664928152118220     
  -1.2815563565264123     
   2.4831403019444949     
  -24.826220784938350     
  -11.509729562378558     
   6.8012383205868927     
   2.1138282479304826     
  -7.2328389057854103E-002
  -6.9009109758867311     
  -20.616477984793338     
   1.5600118197173525     
   1.5984201855406461     
  -128.55358534116169     
  -1.9301023886519353     
   8.9136953451519751     
  -1.2989853261288706     
   3.6258453399565576     
   31.067348823508173     
  -25.100448913157511     
  -4.4488584672068372     
  -2.0079064983709451     
 -0.78180970711183106     
  -2.2888721355703394     
  -66.267595276422682     
  -5.6773675325477839     
  -28.885184055238238     
  -2.6628690753246675     
  -5.5240335056109107     
   34.095626111387496     
   2.9276850926312976     
   10.988766659858019     
   3.8980483633002323     
  0.55654115241910251     
  -7.9853112035314187     
   7.9860123220685368     
  -22.654250874432933     
  -3.8854176357817631     
  -18.621811030406068     
  -13.329200491381711     
  -5.1821345637641203     
   6.9969209017638816     
   7.5769706109468977     
   9.1044575926828912     
  -10.253374324769155     
 -0.96955725388031067     
  -1.1605144089355506     
  0.98822429503352804     
  -10.554045407807259     
   9.4916869770705201     
  -194.79642210407354     
  -12.729992191039123     
   4.8046255115208583     
  -1.5883528914071547     
   12.199079395219234     
   7.5472739886933393     
   7.7520649396069281     
