   11.550292269684952     
   8.4195968829418213     
   3.5200999689651482     
  -7.8095164007210922     
   13.088356556205657     
   3.9301514114167007     
   1.0117264255936438     
   5.9681628698852780     
   6.2820629391113672     
  -2.3477749784252300     
  -8.1896266527141002     
  -15.667582085238962     
  0.98315660867862498     
  -6.3685820976132081     
   1.2678572242032380     
  0.11473336529706642     
   1.5381618799449202     
   1.4057702076094767     
   6.7909758522023846     
  -27.067573875194348     
   4.2293460129529974     
  -4.5035607252104093     
  -6.8890537241739800     
   32.033756025059830     
 -0.30270977248523723     
   4.9702203797357667     
  -2.1693763554058103     
  -6.4028651711853808     
   4.2106949876620554     
  -3.6715314667179295     
  -16.706069583048084     
  -13.285755462961012     
  -4.4437433317993920     
   16.233085031213623     
   34.345317392805889     
  -11.515786055639271     
  -8.4161685044685957     
   1.6439953661278257     
  -2.7394518211396015     
   1.7950000571017106     
  -2.2574422287321800     
   1.1524265458762804     
   7.7972314297037286     
   1.1503175042106801     
  -23.317755347433824     
  -3.1576262427336417     
  -35.780221458603592     
  -7.1860430146956427     
   1.8570504178771829     
  -13.866136646696445     
   94.358495784949014     
  0.70171840281178222     
  0.21241426396702540     
   73.837821245700738     
   4.4082169714781596     
   3.0127233576171619     
  -39.982038002852526     
   21.255798661370246     
  -14.873727544882634     
  -9.6877453788862375     
  -30.723564450410944     
  -21.180356421285978     
  -12.970634756559079     
 -0.13213887529872792     
   3.5077609651657364     
  -9.5024388140664033     
  0.53238761587010519     
   1.7563442533462212     
   3.9695488657283864     
  -7.8506357102721260     
  -40.048956636121410     
 -0.21031143772828687     
  -9.7922688546449930     
  0.87936101421763224     
   125.30574256082436     
  -8.5931789168979194     
  -19.108578563064736     
   30.808539634221855     
  -6.5224647919203385     
  -10.706943333887136     
  -51.504640247347915     
  -178.04817737577343     
  0.50714249369256725     
  -6.7427487201334539     
  -3.2702914975019430     
   9.3599635605122771     
   5.5627360981847751     
  -3.1975292134611757     
  -8.1604020687373708     
  -6.4121344067578168     
  -9.5163222747526497     
 -0.73887222057144264     
   30.823341761512861     
  -99.821223295079761     
   2.0806616025552285     
  -9.9548044381292922     
  0.61814421282839427     
  -11.731162415041169     
  -3.9003687228539898     
   3.0407800339172466     
  -8.9765704608540950     
   10.668336597653354     
  -11.699511385755745     
   11.130622927510743     
  -3.5941283246047111     
   1.0815244515329221     
   19.188793394728798     
  -6.2341786477218610     
   3.6528478110282290     
   2.1758028199365258     
   3.5098786617869728     
   12.141824786106060     
  -44.785645350195374     
   11.677566245507382     
   6.2568778786746853     
   8.8645997872802802     
   1.5323705628252517     
  -1.2126155724484575     
   3.3565438584283793     
  -11.107535380441114     
   19.366206938221655     
  -5.0902481352110707     
   6.4998224994367151     
  -7.5839929015287870     
   1.4384739786340941     
  -4.8934381116001413     
  -1.8431246818595852     
   4.0492971348614972     
   2.9566577568244137     
  -16.169675770122719     
   27.660043537561975     
  -1.5919574355459543     
   8.0108152220755429     
   10.427720245798669     
   11.032717707460831     
  -7.5483018350530537     
   29.122534278107121     
   15.304837139416422     
   6.6451562696878117     
   9.7366369396902375     
  -38.763788534629356     
   79.235107465336313     
   3.4231736042774834     
   1.4110152505808693     
   19.114557415452801     
   4.1329858356457301     
   12.848798209453147     
   4.8280200953319357     
  -5.7499754667921703     
   20.738633176414986     
   1.2309459710462436     
  0.88649714005914082     
  -1.2682689479033793     
  0.24390210390676320     
  -15.108333276838673     
 -0.44589857421610452     
   5.7698933687854126     
  -1.2599613069135911     
  -144.90028139820916     
  0.18624402536983486     
   4.7466296085505073     
  0.77668464675028503     
   5.8346788510921668     
   108.27578947703130     
  -3.8364529925959121     
   90.118354472048111     
   26.810558873200925     
  -3.6257124184451102     
 -0.64849277356637158     
  -6.2071481874574674     
  -4.7351345112622809     
   4.0372579576963066     
  -7.7896963617429771     
  0.98694391842720219     
 -0.83265415477816429     
 -0.44752701103624748     
  -22.490492696261054     
   16.796480172117956     
   9.9078912473959626     
  -3.8080609547927287     
  -4.5226187601411336     
   8.7308966732400961     
   23.614862963655430     
   6.8262229715599361     
   43.812169601130527     
  -6.9294952423967944     
   48.836023970131784     
   16.369699398095300     
  -2.1550094632189700     
  -8.4323562897172959     
 -0.48755212390113456     
  -5.1513320420272048     
   6.2546896665482601     
  -17.110459435998774     
   8.2669710447911005     
  -5.2004878335721347     
   1.5275624568997754     
   16.747856362261572     
  -99.316763710449962     
   6.3829710868003406     
 -0.43539585927109148     
   2.4111743978951803     
   1.1621303070428048     
   5.3675828145641580     
   4.9366319828449186     
  -2.0411672153488500     
  -11.330440401639258     
   9.6974684474960835     
  -20.629866304830703     
  -1.5151510373848762     
   3.1052403252133551     
   13.673745224612539     
  -10.033307143514708     
   24.517841414198998     
  -6.6273122123455162     
   4.9267734192703569     
   96.210537963995051     
  -17.925104903197653     
  -5.2040289382776912     
   4.8690222752139212     
  -71.912542420952647     
  -3.1938464319461382     
  0.41824582259143206     
  -29.335873239846276     
   2.0665745214151836     
  -6.5323201028138662     
  -20.015154609387746     
   82.960848551141694     
  -7.5644714612841302     
   4.9544388098528938     
  -4.3367012277075156     
  -3.2560489932973185     
  -5.9589297609219001     
  -12.397830423856716     
   3.8028950563463519     
   2.0178683510125857     
   10.846024534994202     
  -8.6859496042835485     
   16.238476336507034     
  -34.965952477041924     
   6.2049481257328738     
   1.5111763397250955     
   4.4151475088097829     
   13.597388364014607     
  -47.877899507607509     
  -46.457064376723039     
  -12.700540897677765     
  -1.1129061076005076     
  -1.5020199194446557     
   47.803296675086678     
   7.5448964295373164     
  -1.3104105994191058     
   1.5580315758520291     
  -3.8679893244650971     
 -0.74238523651792288     
  -2.8217708353331661     
   64.308858362018952     
   18.644171906971390     
   6.2092677276984745     
  0.47618900176118689     
  -8.1402895507064006     
   1.2544848023465960     
  -11.587083363936811     
  0.16743392025869519     
   22.232452207232459     
   3.6320661027912280     
   5.1839126875044386     
   2.6111132264451635     
  -3.0968886982712025     
   158.22745317489677     
  -1.3781885997583765     
  -15.181832101957017     
  -12.942788104639616     
  -7.6832591531591712     
  -2.6382156207877028     
  -2.4331684783885041     
   1.7088572088922602     
  -6.4161960276123633     
  -8.6299710084882921     
  -6.3496060317070846     
  -2.4366513447073386     
   4.9794473958800527     
  -17.163444858312701     
  -4.4689531135955161     
  -1.4655598867240449     
   8.0307043542426833     
   6.3728322619519675     
   5.2862945927389440     
  -26.206538880804441     
  -79.919693176463525     
  -6.1412269396303873     
 -0.38157142124936821     
   1.5368606695760851     
  -6.6870766032215956     
  -2.1031861050439846     
   9.5864250997688583     
  -4.5720023704739852     
   7.8182440901344741     
   4.8337152131964451     
   3.8611646088049425     
   10.788175369296424     
  -7.3979085124279944     
 -0.50040831779078598     
   4.6388812473765357     
  -5.5872731666529170     
   6.3680159343908596     
  -2.6098860442576881     
  -5.8469279948296782     
  -3.9476341619206314     
   4.5365847679497415     
  -17.056531398833357     
   7.9628155563343510     
   2.1428067174517098     
  -40.437384400254821     
  -120.37079568437221     
  -128.61740059941965     
  -66.036334838751003     
   50.464897759396592     
  -9.1254672663400083     
   3.7451492438847751     
  -21.803589994079005     
  -4.5782801876564978     
  -31.717617819827673     
   8.2937954709881936     
   1.5429695788057123     
   6.0188852106365136     
  -3.3209007321822641     
  -73.642022155313640     
  -1.5539645771792698     
   24.490319689584958     
  -2.9329505677964667     
  -3.1299521122415279     
   245.69040492578648     
   59.857899010030579     
 -0.20516429498855648     
   3.3350292569765001     
  -11.319965361418753     
  -25.741057032200185     
  -1.1994461468176585     
  0.14082965823673899     
   4.2417243401791005     
   8.4411628273057300     
   3.4600744169979150     
  -8.7654612172154707     
   1.8349061831640203     
  -2.6960417676232709     
  0.70249580438409165     
   6.1758618925740132     
   9.9774803220606612E-002
  -26.049273039586506     
 -0.75874347633645822     
   15.484955768642530     
  -5.3148569239531707     
   8.1261794839671442E-002
   32.113427105633633     
   8.7951536296557329     
  -37.273716627831519     
  -5.2048376997511108     
   4.4631719913654617     
   7.6658502290855166     
  -57.556894347031864     
   19.849111796403491     
  -22.592435248269030     
   7.4619532816484817     
  0.44521841899694392     
   2.2196028792345395     
  -8.8345339161447747     
   7.2233500406668130     
 -0.48252090912797274     
   6.7084105383684527     
   2.5963669866334076     
   10.403133775642756     
  0.90656680743240059     
   13.886073808381541     
   7.5405170508467450     
   12.217159728976519     
  -16.642637113950382     
  -83.739991288463926     
  -102.54595568037307     
   1.5128386047366880     
  -2.6974079554916210     
  -21.983786618192557     
   3.1179433552549165     
  -15.318018741584392     
   10.609648176893053     
   1.1131513114981766     
   163.32546906033178     
   20.669060897556299     
  -56.573460498944193     
  -1.7983903257089946     
  -4.6864778275475167     
   101.44407370507845     
   5.0991658757864204     
   34.694674078070378     
  -2.6361380284302949     
   8.2653429434331684     
  -4.1935543603428656     
  -11.516890481891320     
  0.63396441489360111     
   8.2606835570812631     
  0.98442739470721374     
   4.4714754632951470     
  -4.7398594027448890     
  -1.4356527008494211     
   1.0264823023755323     
   3.6568340401296728     
   11.065194435584161     
   4.7963789900888925     
  0.48695348968720764     
  -14.143252505195393     
   2.8527008885791316     
  -4.6704829846421196     
  -35.122432215811855     
  -5.8028649776751013     
   9.4343952144376466     
   10.712528438418991     
  -14.270602863235208     
   4.3506684999509098     
  -18.075762771156491     
   53.270690194681684     
  0.65447990520091670     
  -7.4606315010603996E-002
   21.518973641746882     
   34.950707278913264     
  -6.4882694671734482     
   32.536844945643111     
  -1.9232607322830413     
  -38.310000658698577     
   73.443284137650522     
  -8.7524580365996698     
   12.940967677353154     
  -3.2016625136095755     
   29.981197900806112     
  -2.7932494808548851     
  -16.106210893278206     
  -9.7541157789484512     
   6.2780292124534780     
  -2.4862069096465915     
  -12.822713985396485     
   4.5873109682185387     
  -1.1203975810509359     
   9.6752473432832318     
  -23.350261803070399     
  -17.916179546550804     
   9.8644696979302466     
  -13.237002601030705     
  -3.1205514368530052     
   2.2887734248228728     
  -5.0930846804693939     
  -3.5163301748457005     
  -2.2233913848668680     
  -79.742660412017415     
   6.0219612963908684     
  -1.5768919975778799     
   8.3827805701155409     
  -19.435948803898921     
   85.465672767570467     
  -7.2642388662825113     
  0.60553980670495688     
   12.137590353097865     
   12.163223967500665     
   20.260738353238303     
  -12.134381207156121     
  -87.174042264279748     
  -6.8637614542436971     
  -6.6344791077827301     
  -21.686036829539031     
  -4.9386018585604390     
  -12.480442203703319     
   1.6553826648461651     
   48.926289476723923     
 -0.76499647842795249     
   9.1857331200795151     
  -1.7321058613312221     
   3.7572792282613161     
   21.185106813855693     
  -1.3422041392582820     
  -9.4136572634206370     
  -1.6097853435871006     
  -156.30857164403668     
  0.60976236090849145     
  -4.8271932212519673     
  -7.3828956762902154     
   3.9343290238514248     
   14.929117735971852     
   7.6305545295943151     
   13.124980505366404     
 -0.98186073239369165     
  0.39084967959789929     
  -7.1280072638311154     
   19.757851776007570     
  -7.2043913782850888     
  -43.545473508573181     
   51.380863264218810     
  -243.64328873189856     
  -11.389122389413263     
  -6.4957071041885781     
  -4.2560385413336865     
  -1.4141613783078497     
  -1.2828346559237884     
   5.2676584494346717     
   8.2392394375874503     
  -1.9862278217816010     
   34.724384830868487     
  -86.129796236694602     
  -2.1956713761449884     
  -2.8980797390608717     
   5.1502111531265662     
  -9.2784411710329913     
   2.2500469153165774     
   2.1456148939099444     
   6.0860282366482696     
  0.99679876283306934     
  -138.79898342440327     
   44.297484890620112     
   5.3293233202914632     
  -2.4462067629016508     
  -17.471178527252285     
  0.43779850926502251     
  -3.2937122943645738     
  -4.6887206353274236     
  -1.7883182155061665     
  0.77976192601912675     
 -0.26602643130181403     
   18.745335636696925     
   2.2789880985094566     
  -10.958490923194560     
   1.8876846798253144     
  -3.6113042649396174     
   6.1295962816288183     
   34.606243090015973     
  -4.0491036265402771     
   5.7999808961233530     
   4.8715588219021377     
   2.1483885615090719     
  -4.4171638437851275     
  -10.653843317831496     
   178.42429436579269     
   8.7086817628374096     
   9.1305112136842954     
  -8.0159938956930308     
  -6.9123435218454725     
   103.59417695332648     
  -19.268207947688001     
  0.47346872857551370     
  -8.5937358730696527     
  -14.563531224567971     
   2.3209355645346430E-002
  -1.0998582373014338     
  -5.1874427622534176     
 -0.35320567222994048     
  -5.7907228318457964     
  -1.7996583177746532     
  -15.667848783131690     
   5.2899527733506222     
  -3.5276376326098546     
   158.62775505041324     
   12.548342273206840     
  -12.330262711102961     
  0.84304008989741841     
  -3.0757343637260846     
  -23.242289492802840     
  -3.6269687852780725     
   2.7252403381143449     
  -2.0757327988632928     
   38.484410282648675     
  0.53158036645133078     
  -6.5720275521289979     
  -4.4457933947608863     
   33.201859885104462     
   2.3231869775755660     
  -1.5120965231047119     
   29.350384010969091     
  0.78656858113340056     
  -20.647572627059848     
   1.0648561595501520     
   9.7330093529827053     
  -5.3394324400092374     
  -5.1429006096693017     
  -26.990199854804032     
   20.972773042298655     
   16.334223471204194     
  -12.743598225008956     
   2.1643903117141372     
   1.8529490443351664     
   3.2180675844876414     
  -12.041032789833071     
  -8.1290101271294333     
   6.3362545405925692     
   2.6391083022522950     
  -15.336275218899043     
  0.23634022027919621     
  -8.7388612647761530     
   40.787078535473704     
  -6.0219811447350295     
  -2.1633507938309329     
  0.61279866760908208     
   17.496267808416039     
  -6.9974704437322908     
   28.833529341942956     
