  -27.978470990628708     
   3.6260220627148794     
  -1.4751607963913160     
  -2.0165980723639252     
   9.3998461636927217     
   6.3311702228375610     
  -9.3072837853966526     
  0.22006000994682903     
  0.76656762340879980     
  -6.3115989622539086     
  -2.7089422726364436     
  -6.9654507005868274     
   4.7332088961652126     
   4.8695991758392569     
   3.7329091710488296     
   1.1569827370938039     
  0.11758488872042505     
  -3.8598523065656418     
  -2.9635393746262877     
   13.324825970912480     
   8.5235443128244572     
   8.6450009461293114     
  -3.3968693348430157     
   54.505373982140604     
   10.248447339412227     
   2.7504366368754507     
  -1.5125908949892524     
   1.4653342976718038     
   3.2106917495581140     
   7.8713996536331727     
  -7.4891706781770990     
   14.992941477690326     
  -3.0584711347895488     
  0.90488089303925967     
  -9.7552435899349526     
   7.9604130076565687     
  -1.9757214271161376     
  -4.1583140169970969     
  -7.5013444506835878     
  -11.647984940434855     
  0.38411494617405384     
   20.036190611106782     
   1.6647484413898175     
  -12.374756180151666     
  0.49669394043835913     
   4.8458037741790534     
  -4.5986776648374876     
  -24.049895405152519     
 -0.24345152280039850     
   13.649404576400530     
  -4.5038964098726257     
  -2.2256941817686928     
   10.255631367727673     
   81.479237025468308     
  -8.9509916191458920     
  -10.145519559391742     
   1.4665416912493405     
   20.174481724202540     
   4.7467474409447217     
   3.2648566833368404     
  -28.383860018143622     
   32.346045506269562     
  -1.3839905883888068     
 -0.44162333675300525     
   2.2432411042901510     
  -5.9840673231755872     
   4.6370945477858410     
   6.1667726478231328     
   5.1986002284074697     
  0.18758885814590875     
   74.256204844664339     
   5.1288133156904534     
   12.422278813210282     
  -2.4821822600811903     
   81.048528326610310     
   2.4902871692174093     
  -4.8690392797454312     
   27.268901072105805     
   8.1068419575946802     
  -8.6072501285707883     
   12.084050806719938     
  -39.436101148162642     
   3.2719087691914459     
   4.1771243459630476     
  -1.3419658035199240     
   8.2380029325192368     
   1.7635787034010011     
  -2.4966610288368551     
 -0.48453588917534307     
   9.3604652368183849     
 -0.99050576382404454     
   6.5180892226627893     
  -17.904948317742122     
   21.619371302592029     
   1.5115942199253003     
  -15.198766522307622     
  -3.5778450897538128     
   1.3287803919082606     
   1.5918674981926297     
 -0.53586357867570589     
  -8.3971545531505178     
   1.9493009360783717     
   1.5481055702553879     
   5.8405453949550488     
   1.3630053809740192     
   3.6480268494790193     
  -8.7468065908566395     
  -80.453570828621210     
  -2.2999525181911000     
  -1.8140269552437285     
   7.7027392121532223     
   1.2373610690851327     
   16.373534722723722     
  -10.463778971401322     
  -5.6346193960758022     
  -12.660669432982866     
 -0.85499314657627412     
   2.1760639038205554     
  -5.6337689684562680     
  -2.8989662716299662     
   8.8098032507050927     
  -3.7270598405736877     
  -4.4446267365842491     
   2.5292211969983320     
  -3.1616049642795692     
   3.3434540841207898     
   2.8173392899083578     
  -13.848992066368567     
   1.6322574212061223     
   14.675246492204897     
  0.14924119123059398     
   3.8938157607107589     
   7.1845246378799050     
   1.0310992447896772     
  -5.8668150872123928     
   3.2264349691954468     
   20.007967560249803     
  -2.6914231644504669     
   3.7366570848204415     
   5.5908892393990142     
  -83.499958980273831     
  -10.169933398301259     
  -1.0420098906774709     
  -13.743873262455208     
   1.9910030127103124     
  -19.486544998684337     
   16.174661184365924     
  -5.0373290635059478     
  -3.8336693206321804     
  -15.332556065974817     
  -33.271350563919263     
  0.26206015186812737     
  0.81021043056940589     
  -14.156555842952686     
   4.0588920392762198     
  -5.8555965028369217     
 -0.56305712888804638     
   55.617347204464394     
   11.347663768284340     
   1.7025494126920617     
  -7.0036512543285552     
  -7.9756062914906209     
 -0.12503385513758891     
  -68.039552686338084     
  -5.4845777087147791     
   13.836470210830976     
   4.8720610758185465     
  -1.8993866725763937     
   3.4701514337629731     
   2.6361278362408900     
  -9.6791687951187271     
  -2.3802709705266190     
   9.7874915968637595     
  -3.2933705276319816     
  -2.1191262681086966     
   6.4402394375255803     
   48.822618143206782     
  -44.482090989680280     
  -30.734744555597132     
   2.9895790879145605     
  -1.6907407189596033     
  -2.5205705985625180     
  -1.2987459572342626     
   4.4443064632093323     
  -10.678011815162527     
   3.7536568726038397     
  -51.964219543589891     
   40.053762327065606     
  -1.5620747754394146     
   1.1558258488098050     
   4.2788871967932112     
  0.35718633458979920     
  -5.7654969936147484     
  -76.287832042625695     
   7.8817164019906611     
  -2.0464785466019153E-002
  -1.2685524289139067     
   12.364991797274021     
  0.98873482318219241     
  -10.474579867735143     
 -0.40399314459067948     
 -0.42311960127604226     
   7.6867646579023470     
   2.8117050856569423     
   3.2646729000857491     
  -5.1476867983986230     
   1.3486316419628421     
  -11.407211613440035     
  -10.740133482711981     
  -5.1884506884279844     
   10.828674800340305     
  -6.7971861310768960     
   1.4102092259229573     
   63.187346668273371     
   1.0515320278842615     
  -4.8774522941647680     
  -79.703242326597532     
  -9.5077949380163513     
   3.9796634851710202     
   5.3431382212906309     
  -70.427371885274894     
   25.999602529268877     
  -18.738946051903056     
  -13.565943707582914     
  -2.4989239023885808     
   3.2167557804802542     
   13.170095011996972     
  -162.67381914710896     
   15.657341262197955     
 -0.16361071585978354     
  -1.2845825564550328     
   3.5986383017798871     
   7.4212890556335243     
  -6.1300489562260152     
   3.7517372340259176     
  -2.0732541262188864     
   7.4843302438446608     
  -5.1845237263743433     
 -0.82336350771194677     
  0.94826869281994131     
  -5.8006811856225049     
  -11.432464291683848     
   11.001823443035748     
   8.2506498530224448     
   18.215718770249453     
   50.376666670884333     
  -12.693053537576803     
 -0.55038658001065244     
  0.26080111175177501     
  -1.4930463271172953     
  -5.9478169927860955     
  -7.3253022189876100     
  0.94410148681421235     
   8.4770251558358325     
   1.2581531560774184     
 -0.21515886542448381     
  -20.263587192502754     
   30.485495348766761     
  -3.9849480541338171     
   4.7350650995022310     
   9.1382105289319995     
  -8.7190511956566983     
   13.550251656384850     
  -8.1620178397032852     
   3.7416920763905579     
  -16.344544759359945     
  -6.1686351371290122     
  -2.7851106487877053     
  -1.0477354269038317     
   5.0950274299491491     
  -11.180189501967739     
  -7.6880687097252398     
  -96.945636546607076     
  -9.2289363616665234     
  -2.8187019717156345     
   6.4454354452122704     
  0.41656210709369845     
 -0.15793219682332404     
  -10.431495786944538     
   2.8859154749118088     
  -14.819664549112993     
  -7.9065167727157180     
  -11.190188078446143     
  -17.901675532708200     
   3.6005309874732556E-002
   74.478288172608586     
  -3.2199253665534746     
  -3.7816045182475242     
  -12.290021326783197     
  -44.432697474862650     
   12.299087389228317     
  0.19346566367529966     
   2.8668441515161751     
   3.6753248461723471     
  -5.9523120915197589     
   30.296708847229226     
  -22.567238397501761     
   3.9768025771150737     
  -4.5829247631277790     
  -11.156633779859137     
   8.5219658502605018     
  -4.6397212451001355     
 -0.94050946858573126     
  -23.935695600667259     
  0.38250796444345958     
   4.7864143348937915     
  -17.064346800541141     
   1.3272655113386000     
   43.720655354807889     
  -4.9001000303809752     
   24.771031102796915     
   2.2480299476490089     
  -1.5972267983577488     
  -2.5053886075495333     
  -50.462635253615332     
  -68.291846275496312     
   42.634491053540394     
  -24.251859394406406     
  -16.240334511236494     
   6.5831535736555153     
  -13.890875782828097     
  -4.7845080128836477     
   84.247884756375583     
 -0.68308024038860871     
  -8.9859258236703710     
  -9.3733105520440407     
   24.989469966207398     
   154.07952986357446     
  -17.143513332011636     
  -84.545350941290522     
  -7.8706947722145273     
   8.7143339642432558     
   66.111747793784389     
   91.329570180303094     
 -0.35002205073172560     
   2.9599382126627614     
  -35.837529552656264     
  -20.307184820270599     
  -19.495015459506217     
   5.4754619309018446     
   12.591354617343693     
  0.50404264643312580     
   11.568177831258865     
  -1.3724022371779547     
   2.1272014976006193     
  -5.2125851815901472     
   6.7649159953901616     
  -13.991042421899447     
   1.6744809472905131     
  -17.577426795276388     
   2.8523152421349129     
   12.628659529221032     
  0.24578813390711657     
   4.1941600972130848     
   13.383925015122708     
  -24.764207863739443     
   23.449415207152779     
   4.3782788269977742     
  -4.6635589349962583     
   15.145305724716295     
  -55.817453938112031     
  -2.8387221168127836     
  -5.5016890893630848     
  -2.9589775257377893     
  -9.3324893740457231     
  -7.9104924614978733     
  0.63568895923429158     
   1.3053158787868417     
   2.0892898461114049     
   68.685359036378244     
   6.8006531727257453     
   1.2890960298314362     
  -5.1186634744229504     
   6.8817506957186012     
   2.6570008160421619     
   4.9990409591494167     
  -17.492447852021080     
  -22.076033554377098     
   45.123152542775713     
   10.381609944445657     
   5.1536730564308275     
  -71.677370765890544     
  -9.1779407853644219     
   5.1122466264544872     
   3.9030632137357819     
   6.7367213654119285     
   8.3833933073199276     
 -0.84031888416042533     
   26.324036416090955     
   13.074431608026476     
   4.6820246689336100     
   34.880872624153049     
   6.0786199154238973     
  -10.605988326286575     
  -2.9628509392173896     
  -7.9332412870645417     
  -10.009075751461173     
   5.2030424330723681     
   11.786390586088475     
  0.39098584585770174     
  -12.424113451415254     
 -0.86667025089779026     
   2.1112392792142849     
  -4.5828816945770825     
   4.8088373983760331     
  -6.1266480857577070     
  -10.868563229740822     
  -2.5339900614351669     
  -2.2520708349428800     
   33.576250924792490     
   4.6860716115336762     
   5.8971053342187592     
  -16.065918447988267     
 -0.12525342557900920     
   8.3680544266173378     
  -3.9029217846996769     
   3.6573778635646677     
   9.9727058673107720     
  -101.79521332287192     
  -8.0125579613432265     
  -5.9457256829905676     
  -7.7615556162643280     
  -24.791023468195057     
   91.110032355718161     
  -2.7955399661551978     
   4.0326229818935282     
  -3.3310757749566489     
  -64.306768859126052     
   58.099626834441068     
  -7.8118362699545951     
  -73.149013719644174     
   5.3545809848740165     
   32.507796138775880     
   3.4001605185527706     
   3.4814465493902387     
  -22.376432176361863     
   11.212703143567385     
  -6.2357891775323102     
   9.0954083579329357     
  -7.4609692781071093     
   3.2835098039249599     
   3.3698360569984924     
  -34.762291035915432     
   26.874654466434336     
   4.8134163014764253     
  -14.377850927394579     
  -6.2827594621782481     
  -5.3119293196716582     
  -3.5149699067995210     
   80.963318103640432     
  -7.8711249020887202     
  -72.043581969802332     
   3.2217654338557855     
  0.91603715194910107     
   65.804865032714332     
  -7.4640116526044968     
  -44.135355210853504     
  -2.7412147087283478     
  -1.1964450171989149     
  -70.355702171535796     
   1.6436967345761699     
   146.46061241022630     
  -5.1909357521559834     
   66.882523311010146     
   9.5389404550829031     
  -5.4489109577889483     
   17.834735946210976     
  -10.164841676998901     
  -1.7784153225587556     
   7.0055363436135085     
   5.9465851820463662     
   4.1509310773033059     
   8.9873067663987580     
  -4.4764747292842770     
   2.8423132046871737     
   15.387295263972092     
  0.58232862338568436     
   9.4626425351994374     
   2.9504578824021563     
  -112.68141612683841     
  -13.496236032375762     
   7.5441613671507897     
  0.88909035919461621     
   4.3021198116129367E-003
  -63.963573498715597     
  -2.1133946358812219     
   6.2467913656393499     
   2.0468642896788016     
  -1.1655292315890071     
  -3.8947943122740480     
   90.407255682181983     
  -4.5609321109275847     
   12.347560948263796     
  -5.0261076741147468     
  -85.323631651835171     
   13.783595383805809     
  -1.5734732911499303     
  -12.200374051821170     
 -0.15828952373480759     
 -0.87648091008300177     
  -6.2070205190436010     
  -2.7204861601346240     
  0.53419943016123772     
  -1.4747215958560869     
  -24.720766139139538     
   11.688573664467151     
   1.7565407051534125     
  -4.8858520767649214     
  -8.9381462507924212     
  -5.0147909357965608     
  -6.5652485518197592     
  -3.8040766882479455     
  -4.8246433057623328     
  -76.466186273520734     
  -66.993826679027791     
  0.75274218916136193     
  0.61201923292241933     
   13.118968489376570     
   10.312845519380845     
  -3.5109820912904732     
   2.4371258298795269     
   4.5053634906975111     
   1.1787976574197661     
  0.70029882071961669     
  -4.2913526494835530     
  -6.0066219284794453     
  0.16863330424241119     
  -8.7828735821697546     
   5.6706760640773490     
   4.7123188291377707     
   68.062795428832317     
   21.224444449763070     
  -1.1589589102687441     
   7.0018853028246966     
   6.3512056798408700     
  -8.3201862879696016     
   2.0061997411638508     
   72.118732645796015     
  0.94598599652734072     
   7.0334537173212457     
 -0.85001083371118646     
   3.0086388422150065     
  -7.5039698946696074     
  -18.438101731009787     
  -9.8625396761300776E-002
   12.532102831528512     
   6.7263207646452079     
 -0.97022329960536435     
  -28.184257536796082     
  -12.646363015432703     
  -3.0239591265673758     
   1.4704305319738522     
   14.823303931953411     
  -11.469355396283364     
   8.6988185537426066     
   3.8198437880402762     
   132.48518023316905     
   12.020669767538383     
  -7.2124253826151516     
  0.39034700199341715     
   4.8372342414088445     
  -16.096533667443278     
   29.604532197469528     
   6.0553261336253499     
  -9.1808888760830794     
  -1.7471737391029998     
  -5.2865916379565245     
  -15.517118071006596     
  -5.7595528010589581     
  -6.2799926106278523     
   3.8304687089848111     
   3.3078987210875237     
  -52.543495680816754     
   12.994448844473579     
 -0.56391258160791580     
   2.6536683408350372     
   2.4066627627579669     
   9.4044940886025046     
   3.1268943458739744     
  -7.5364418460105158     
   13.204973656307482     
   23.198692594119443     
   26.493959705498941     
  -2.0949091508799853     
   15.697495318659511     
  0.97022664707370465     
   1.1625502583303664     
  -9.6338259684675105     
   9.3584423118939828     
   5.7866449529450144     
  -6.5067754741039838     
  -11.905709651450760     
   69.578860811609331     
   82.741315746600861     
  -3.1926895749409110     
   4.7386598227285708     
  -12.346482311625989     
  -20.406328137648362     
   41.511801871365535     
  -82.794585861898852     
