   1.6017727235223813     
  -1.6461512597345160     
   2.5384045250880614     
  -1.3567900747114052     
 -0.10583763158570139     
   2.1048493591279249     
 -0.33936997648864703     
   5.0636425178359810     
 -0.15940745085739363     
  0.48191153913537133     
  0.41546188831039055     
  -3.7506087345031469E-002
 -0.22262977231495895     
 -0.32131741691052751     
   3.4644697711994339     
   4.8797195144986817E-003
   2.9680510652453802     
   3.6254942362625719E-002
   1.2236450460848165     
 -0.55067914126359929     
  0.31390981198850865     
  0.34028737716356883     
   2.3612000346415574     
  -2.3351493311394527     
  0.47587616005546607     
  0.62299235460926949     
  0.66456314961326257     
  -8.9875552818286866E-002
  -4.2033929191801205     
  -1.9128416167339517     
   1.5146025830691212     
  -2.3638639205719985     
 -0.77511537532114005     
  -3.9009544869017065     
 -0.15403881119989318     
  -1.9414582879547257     
  0.90682235896890040     
   1.2519779326249598     
  -3.5616864329529925     
   2.2571309521027172     
 -0.88434649581342761     
 -0.36259098836028431     
   1.2725965459997146     
   3.0300767540373439     
  -3.6614725126847723     
  0.70341716825756784     
  -1.8000647416051612     
  0.83969681170781618     
  -1.5218098095005341     
  -1.1969600767430750     
 -0.91667376034320169     
  -1.3296010727221410     
  -4.1978955410664511     
 -0.62436770224476579     
  0.34949354339353428     
   1.3553090870252480     
  -1.6282699221600057     
  -1.6377595142156316     
  0.92507766266985880     
  0.59288582223017405     
 -0.85843208948812877     
  0.47806992118660846     
  0.51420238102793869     
 -0.33875797273123237     
   1.6678917543171274     
 -0.78242481220495863     
  -2.5971069795312864     
   1.7882454868020630     
 -0.32404657942246168     
   1.3223305569801509     
  -1.0895526900083554     
 -0.46389379476991960     
  -1.2108019933914949     
   2.0433688948628044     
   1.3020851654528083     
  -1.4827004605913345     
  -1.3211960213356821     
  0.93487475657067232     
   2.6044642873838133     
  -1.1763725755889443     
  -2.0567128525242064     
  -1.0084092047815127     
  -2.1924295655723647     
   1.6062185971611631     
   5.5790920050539503     
   2.5026423063038887     
   2.2898716172058005     
  0.95219113142936740     
   1.3370705571321815     
  -5.3968909018328418E-002
 -0.64302434230673189     
 -0.50641597449881759     
  0.80764989545268273     
 -0.25711702136887787     
  0.85205584563165648     
   1.9831629774171438     
  -2.6245912416302093     
   1.9111760164046783     
  -3.1870986382332982E-002
  -2.0282759795813599     
   2.1842756358335507     
  0.73771318029105637     
   1.6226449036603676     
  -2.0914679106148761     
  -2.0832782595698482     
   1.8950941108899344     
   2.5502105054506785     
 -0.25959216263658103     
  0.20470227903760929     
  -2.8847434523127298     
  -1.3719554198915189     
   3.1895753287319364     
   1.5719400650475099     
   1.8782588083533729     
 -0.19715272016047447     
  -1.2942538681415656     
   2.6509756246369132     
 -0.35957994076420591     
   2.4701751738947850     
 -0.57366733018320915     
  -1.5677419511458559     
  0.78993129770774739     
 -0.32708040894039192     
   2.0926071343064856     
   2.8391286161275251     
 -0.20665438208626699     
   2.6553725521999585     
   1.1567110856852694     
   2.2053044932905053     
 -0.50563055920120681     
  -1.5015252973713986     
  -2.9554846524845106     
 -0.87295039252309947     
   2.3833339441220609     
   1.2310794135040248     
   2.1697988862968427     
   2.0608159407028452     
   1.1871994966689021     
   1.3581543499635000     
  -5.1880570030239728     
 -0.79279412803031635     
   3.0224187311874577     
  -2.3893987169194081E-002
  -1.6504535634075470     
  0.18281959729551403     
  -4.2022648324522720     
   1.3995065545323575     
   4.5075572215020987     
   2.2490257763054089     
  -5.8117524484635146     
 -0.16653608629137992     
   2.9330368593497136     
  0.31618493716178592     
 -0.36717171884935190     
   2.6838120117350841     
   6.9274181894257384E-003
  -1.4171560252676152     
  0.17549622185956271     
  0.54367760821837907     
   4.3615116974990276     
 -0.55831009498580708     
   2.4267481897096133     
   1.2532854336572705     
  -1.1498540076380170     
   2.4232416589634802     
  -1.5625046951167330     
  -4.4257333123170550     
 -0.39608878378159523     
  -3.5058072541806276     
  0.69690543703491670     
  -4.4990361521905173     
   1.6003890221227894     
  -1.9772605764948885     
  -1.0354811743420449     
  0.29565949293573762     
  0.15542698160921986     
  -1.0506338819763696     
  -2.7959740568592255     
 -0.75398092947885986     
   3.4379716501572237     
  -2.0757437248812454     
  -2.6759697744072293     
   1.6523994886614892     
   2.1866867488041106     
  0.63817324286246568     
  0.42539318191382830     
   3.0300531283797043     
   2.3345836952595538     
 -0.91157940877394961     
  0.90428969360013667     
   3.2875468804781915     
   2.2687370217942648     
  -1.1957211002373898     
  0.90387389663938977     
 -0.43058660336755078     
  -2.3127033089421714     
 -0.85629990477275442     
  -3.7581183236395646     
  -3.2577640349738233     
 -0.49195402472371785     
  -1.0439655257470506     
  -2.6578626368856488     
   1.2113510285095310     
  -1.1572424195942870     
  -1.9992322353656853     
  0.28408060901468529     
  -1.7260917857955489     
  -3.8561349772614872     
  -4.4993013383159391E-002
  -4.0790023108292406     
 -0.88869061349980938     
  -1.6188642676180713     
  0.77293217178150919     
  -1.0314612959240212     
   1.3432652629388417     
  -2.1484342753197474     
 -0.57138934065931646     
   3.4911015893333399     
   2.4210301132226628     
 -0.10990884935923091     
   2.4909460736190470E-003
   1.4509038222179005     
 -0.38123693362513505     
   5.1505220147578505     
  -2.4375349193526707     
   1.0167091024352759     
   1.9918698065216760     
   3.5167448785470925     
  0.76674319498829024     
  -1.2682318222692330     
 -0.21843355483656399     
   2.9070099127158180     
 -0.47429414472524117     
 -0.71392040363325948     
   1.6392901662137342     
  0.35004996549896883     
 -0.40442834588523668     
   1.9193591903144303     
  -1.9043239413330137     
  -2.1991777399385537     
   1.0630027238107036     
   2.3896863155501675     
   1.6379115884050424     
   2.7602183981044406     
  -1.9980816350472759     
  -5.1751277360554511     
   4.6936155346321629     
   2.1197449802814341     
   2.1140078356033749     
  -1.0087087460855235     
  -1.3928847016639134     
  0.53128117858793344     
  0.58273329898228665     
   2.0613132628811797     
   1.8367628657241020     
 -0.72432723912604413     
  -4.8085885520659033E-003
   1.0436621905247454     
  -3.8292407126760182     
  -2.5724415136882306     
  -1.9779791155651572     
   2.1341807585742032     
   7.6032781737390268E-002
   3.9504496811761247     
   1.1343693144983227     
  0.75645899334053091     
  0.10485828641048384     
 -0.89420709115091357     
  0.75206806628763556     
  0.42583236311385009     
  0.59163975832860283     
  0.25430086788443729     
 -0.53024769142406047     
   2.9232328305061785     
 -0.81337853524082449     
  -3.1667651048582481     
   1.4646527532032294     
  0.24005150164630532     
   4.8950310596100390     
   2.2211191088764450     
  -4.6890046039639941     
  -2.6527267788141402     
  -2.7151354635201601     
  0.30906131838568623     
   1.6437536244042841     
  -1.2210307884653115     
  -1.2483785180149090     
   2.5705457277195936     
  -1.0450600415498787     
  -1.8425326403307394     
   3.2330448727496117     
   1.0211987932700854     
  -1.1941727418809847     
  -3.3360391939061320     
  -5.6299102399969119     
   8.7559765647996890E-002
  0.52389290225348717     
   1.8495182796582703     
   1.6966265297356005     
 -0.43761638729636099     
 -0.35095701954553638     
   5.6115010804460281     
  -1.6396295064901989     
   3.3181199689807435E-002
   1.8862488500734802     
   1.0105443180887401     
   2.0521520109388143     
  -1.5957461172947782     
  0.87208895685236831     
 -0.55253751238818116     
  0.28026244886554724     
   3.7456146398766346     
  -3.7112980725389533     
 -0.89952830842283416     
   2.1991769662186003     
   2.6700427739120753     
   2.8894569544939861     
   3.8595135080444196     
  -1.0135800774681119     
  0.73854637013092184     
  -1.9099687647755621     
   1.1971191436802679     
  -2.0417973778063145     
 -0.24560144327291444     
  0.48043412591286122     
  -1.4746527411772556     
  -1.2842216933726613     
  -1.2187483085792254     
  0.18358867592961861     
  0.24783708201994339     
  0.52230871324941386     
  -2.5804146980134006     
  0.51829046017080160     
 -0.10643321122333736     
  -1.3638529258808794     
   1.2033544883856280     
   1.0398799844780324     
  -1.1766355812148468     
  -2.7985585313649777     
  -1.6948392348045764     
   1.1492330194676628     
 -0.12479785333665463     
  0.44942066928589641     
 -0.98466125475670685     
  -1.0703096038506410     
  -1.3158606230805587     
 -0.81450736672143509     
  -1.1777055468101871     
   1.2397385169980537     
  -1.2258950768138888     
  -2.1532571952500272     
  -1.2510158878869624     
   2.6355100643137912     
 -0.43859771179881613     
  -3.1461531420222713     
 -0.47181399367079785     
   4.0625456065487189E-002
  -3.0932203566263023     
  -1.2521471525611638     
   2.6861631510198278     
   2.8512512566727897     
   1.3205916889387235     
 -0.39878676202510521     
   1.6947256831668509     
  -2.3093934680535519     
   2.0863354490230375     
 -0.19807585237228675     
 -0.11004924286838039     
 -0.45924764733603146     
   1.3997695830728520     
   1.1014138976820953     
  0.95278962923519561     
  0.36326454585083523     
  -4.2604558958453476     
   2.1600355053345797     
   1.1157503689602994     
   6.0495371952417956E-002
 -0.73362131949300458     
   1.7965978309501138     
 -0.76380776435328557     
 -0.53234994509820244     
  0.72990936441909959     
 -0.75972364013387983     
  -2.4888168929828058     
  -3.6119181949773749     
  -1.9535535877190437     
  -1.4526794064978115     
  -7.2466813147198744E-002
   3.4859065551877517     
   1.7562197726390634     
  0.70690762298965393     
 -0.13003555639868017     
 -0.12013489241294149     
   3.2873927041492288     
 -0.96343035321457893     
  -2.0628464422173125     
  -1.3168081762034476     
 -0.90701779435828156     
  0.23254281214033382     
   1.3369579673870786     
   1.7931524024027314     
   3.0380463585742907     
   3.0834431834832099     
   2.9583504270380359     
   2.7724320913479201     
  -1.0869124935893877     
  -2.1469020119135744     
  0.80054474582246882     
   1.2282114722339859     
   2.2715182060706045     
   2.2305164749932081E-002
  0.52064049225996445     
   2.6015483353283213     
  -2.5469051472906079     
 -0.35480208515433154     
  -2.5190195356048601     
  0.82737612050126852     
  0.59252842311480503     
   1.3922356398797957     
  -2.7068561473428021     
   2.2118443955811311     
  -2.7850138018831836     
  -3.2530016191165041     
   5.8527703707168852E-002
  -1.0954683462735477     
  -5.4319560864679710     
 -0.56891002806055468     
  0.64259063271221717     
   1.1452414481330007     
  -1.7938657047373183     
  -1.9957209027434708     
   1.8735249830867748     
  -1.0597530840974416     
   6.7831586532889976E-003
  -1.6057390662457003     
  -2.5327015439512719     
  -2.1101790892692098     
  0.80184347699194847     
  0.66766989834088775     
   2.2035728471249114     
  0.48602436054855830     
   3.1511310082336208     
   1.6733820215745012     
  -3.1733808332464988     
  -1.2249318985221109     
 -0.15030579548416087     
   7.4629623916837478     
   1.9640108223502712     
 -0.71037928259123373     
  0.28765523692638911     
 -0.96767394438979637     
  -1.8071989028439746     
  -1.7856379301345364     
  -3.5806497219722067     
   9.5343636151074163E-002
  -2.8936582018301640     
 -0.27836109054844255     
   2.6302275479990551     
  -2.7627877731260870     
  -4.5439083829328215     
   3.2787603247822164     
   1.7962073460885677     
   1.2104633074843731     
  0.44281414208396364     
  -1.7678097602643523     
   1.0739277413043837     
   3.3877027533347968     
  -3.3036222516924090     
  -2.5064979595304959     
   2.2611455423076117     
   2.0474168375162423     
 -0.74650766831930815     
   1.7590551316837912     
   4.3870596260078178     
  0.77248049820691111     
   2.6278981581540699     
   1.1041242852683169     
  -3.0988797824254650     
   1.3945087383106989     
  -2.4589029720258795     
  0.76445129109045895     
  -1.4387626946148826     
  -6.0158494238194027E-002
   2.6504138226664491     
   3.4750434374630048     
  -2.8793275436819745     
  -1.3145376003941103     
 -0.60438802711949202     
  -1.9585376589684242     
   2.0097087725209004     
  -1.6903793020601077     
   1.6538527835645220     
  -2.8020189631095755     
   1.6505035988683423     
 -0.85572843234105223     
  -5.3856307771505865     
   1.7864135777889618     
   4.7410336878230295     
  0.51858001028183243     
  -1.8297531715176172     
   4.2949228635417258     
 -0.16815901983907580     
   5.1045293243679897     
   3.3908033198135272E-003
  0.61697246654043092     
  -3.5892656273958004     
  -3.9264721586077327     
  0.78134431536068605     
  -1.3295417258197111     
   1.6329496535638317     
  0.66144345716586728     
  0.19929769299391428     
  -2.9466183260725898     
   1.8672465918377372     
  -1.1329135561234385     
 -0.33073768483298061     
  -1.4324962304858837     
  -1.9473921830394183     
 -0.83114151384720913     
  -1.3994108415435458     
  -2.7176391058551483     
  0.37239267994262687     
   1.7407659034907657     
   2.0527868465530528     
 -0.22236751417169848     
  -2.5658218664446677     
  -3.2243535723723835     
  -4.9897856171022638E-002
 -0.58307831558149137     
   1.7871164512185140     
   2.2554875473879861     
  -1.4113193574315688     
   1.4779778144126703     
 -0.22100389683658578     
  0.54555608830656777     
   2.1553685845790205     
 -0.80115238208410278     
  -2.1334715915320155     
  -2.3592723348139630     
   2.0382796746609948     
   1.4796548156570508     
  -2.2127229114804963     
  0.55380470005235471     
 -0.44483732799971482     
  -3.1301301738752758     
  -3.2164597873105385     
   1.9336363227449667     
  0.65536564827062338     
   4.7674227524180941E-002
 -0.26426592342496569     
   1.0731887995509968     
  -2.9408501998379659     
  -4.9926507656387589     
  -1.5058891738807816     
   4.0977078721906798E-002
   2.8948035094415365     
   2.5355049131716472     
 -0.83712095364197769     
  0.83015084530492433     
  -1.4879766250044733     
  -1.6775358257241859     
 -0.19125543979475804     
  -2.5293986553820349     
  -3.3099619568039564     
  -3.0620983266662831     
   2.3585175377196772     
 -0.92466356363842728     
 -0.10425748575213570     
 -0.80215080117420368     
  -1.7389551080680112     
  -1.3280327616784582     
   1.8466049742138810     
   1.5234021120085088     
   4.3147559649570306     
  0.40734549482864313     
 -0.73718541486166456     
 -0.65245627535376449     
   3.0231350043200869     
   1.4074896209911085     
   2.8445769561328853     
 -0.12143281044811265     
 -0.51161091164970673     
   4.7664979705297199E-002
  -2.5606555632018972     
   1.2907307146429532     
 -0.49966783394292430     
  0.79515237050695065     
  0.50171201452734870     
  -3.1136866807171273E-002
  -3.2207813722936911     
  -2.5186900513316104     
  0.61380080669944215     
  0.70399478283891970     
 -0.51800625143176315     
   1.3568997329455066     
 -0.53261094735748449     
  -1.8355350721432517     
  -3.2612816779768155     
   1.5676205601086934     
  -2.4934950399955582     
