  -1.7687356137521755     
  0.73024254251987286     
  0.46063193257333090     
   1.3323762554686962     
  0.75646153076988654     
 -0.89301301396989941     
  -1.8734220256888694     
  0.38635825667476659     
   1.3090283758371148     
  -2.1490755493435643     
  -1.2371025058879717     
 -0.11445457219921011     
   1.5393901657410172     
  -1.0643324577469246     
 -0.87764748928176939     
  0.81333395867152103     
   3.1011503543976535     
   1.0028536029810931     
   1.8544905068629534     
  -1.8201378898075793     
  0.32624023205657493     
  0.68992117157780175     
 -0.12452934613998484     
 -0.42114988779672230     
  -3.0254901227294280     
  0.16099069792454027     
 -0.86732054793070945     
  -2.7413657645339673     
  -1.4170423724345342     
  -3.3043994589779198     
  -2.2507025107614487     
 -0.19998981693470269     
  0.23067282407596990     
  0.60691406776449519     
  -3.3961031561129444     
 -0.86387710218152147     
 -0.91685133951630049     
   1.4350648301065771     
  0.79274063028215824     
 -0.19259289228078688     
  0.31043403255152763     
   1.6506407734960713     
 -0.57626114229714387     
   3.2846123149141038     
 -0.70250614154809399     
  -1.8528604337688661     
 -0.27843182817533063     
 -0.93610265499936340     
  0.60292759365576931     
  -2.8079642306437074     
  -3.1466410406790812     
   2.8710011986244308     
   2.5892028715852136     
   1.7582237133148360     
  -2.8130468090444123     
  -9.9097498199166051E-002
  -1.0132362718744410     
  -4.2817112068400975     
   1.0352070074291326     
   1.5503910020087477     
   1.7481650492192424     
  -2.1646279018073065     
 -0.50734518033792908     
  0.49784714692677517     
  -1.1884229265525748     
  -2.2783518094970230     
  0.53778377441600722     
  0.27046936706179225     
  0.48049832339001119     
   1.1134843699124815     
   5.1673216907328676     
  0.71576598710260531     
  -3.1995993298697174     
   4.3958903297436924     
 -0.36835952202910005     
   2.2292800136008362     
  0.99036090157232548     
 -0.50940196461594001     
   8.0464297235053370E-002
 -0.79984225271345033     
   4.8476152212408357     
   1.6195051789960149     
 -0.88924421701911072     
  -1.2805701111608829     
 -0.80119645528711314     
 -0.20141542748083974     
  0.86575258136306010     
  -3.6373664150710501     
  0.52240378029457901     
  0.77653874134096512     
  0.80436550975523546     
  0.27045198754890376     
  -1.6948825764365718     
  -4.4636134319432754     
  0.19517232875690407     
 -0.91779684599849587     
 -0.97534689327403201     
   1.7366066310910100     
   1.1052809693033814     
   3.0988576371454011     
  -1.2093095375785665     
   1.2900965540582612     
   1.8505743386363631     
 -0.41759774972543251     
   1.1446736653922311     
   2.9175693175073869     
 -0.69804268966113192     
  -4.5666230419174877E-002
   2.4368624815408189     
   5.0823966980069759     
  -1.2968668750419294     
 -0.16344264664175268     
  0.66834693051016891     
  0.62309680704549575     
  -2.6005126402788221     
 -0.72953651995384927     
   1.0654976765663078     
   4.2803941172355522     
 -0.83906925073960714     
  -2.1773622256581575     
  0.38973882002326599     
   2.7530161068946686E-002
  0.50506185041345419     
   2.8909053479910338     
   1.7283156580691064     
 -0.70797427772523747     
  0.41672133104779657     
 -0.86301889617555250     
  0.26196000203935360     
 -0.33191202941709824     
   5.6145191831632524E-002
 -0.69014462083560291     
   3.0168191637613431     
   1.5274972436122267     
   1.5772489805146352     
  0.13183202180422945     
  -1.7033938771390700     
   2.4510776021242049     
  -1.6567061336302231     
 -0.98785328742891754     
   1.0952718092292946     
  -1.3367036702466411     
 -0.97507583727629410     
  0.85834000420196976     
  -3.6345535332699384     
 -0.51070831797194416     
  0.25884838006199262     
 -0.85481032953829617     
   2.9048431564877075E-002
 -0.62102393402567924     
  -1.8353304009095683     
   1.0258528076850775     
 -0.16011286640227537     
   1.7916175601873161     
   1.1624066490518989     
  -1.5558513367830151     
   2.4219728061326347     
 -0.67295234857692421     
   1.1101581251154098     
 -0.41504028401774257     
  -3.1570362811284940     
   3.8429552359747445     
 -0.16100826184518952     
  -2.5236458696331647     
  0.71392283422906710     
  -1.0017419043560032     
   2.2041691689454304     
  0.47776813250236921     
 -0.88744246141406613     
 -0.61458788257222952     
  -1.4806902042353425     
  -2.6189151094971508     
  -1.4035591810792427     
  0.51959185916210071     
   1.0121573827613095     
  -1.0416582148737876     
   1.0202825102899626     
   1.8749770286117036     
   1.6156935944256714     
  -1.4444973009307560     
  -1.0571458368793760     
  -3.5303841971083516     
  0.47490296157388251     
  0.57325939442455520     
  -3.7273490207840045     
 -0.59017396514339171     
  -1.4782425713290801     
 -0.53384097744108627     
  -1.0484178430976894     
  -2.0753293004880375     
  -7.4086718936485566E-003
   1.0038648502805185     
  -4.7165332239609157     
   2.1509755968602913     
 -0.58703338307435005     
 -0.45434261100431805     
  0.44377272890888503     
   4.4120039758281253     
   3.3718549621401346     
   9.4391067903181136E-002
 -0.80352686952084562     
  0.24936426223640995     
  -2.2581453673267440     
   2.0198240910023446     
  -3.6069088295159726     
   3.6623994353836347     
   1.2028451032306724     
 -0.35498735756746730     
 -0.75340560072353258     
 -0.32934615672384671     
 -0.24714389732757605     
 -0.57538157911129539     
   3.3436201153265115     
 -0.95723669687245250     
  -1.0995023579607408     
  0.44726957557239388     
   1.6808599086925515     
   1.0803177905379253     
  0.44615346452640753     
  -6.0868027538217673     
  0.45636540276420429     
   4.4105154125213017     
  -3.0237107220874435     
   3.5529160171631999     
  -2.7920328756955519     
  0.91675976891246636     
   1.0478168382967235     
  -1.8421526359057221     
   2.4221046063586296     
  -2.3404075495259269     
 -0.92731276705950161     
  -1.1419079860923320     
  -1.5088268541822110     
   3.4480034068361620     
  -3.0550258700529129     
  -3.5662266403203718E-002
 -0.87957285851553002     
 -0.28520261378755857     
  -2.0029941961986384     
  -1.9784391626423057     
 -0.44771061149653057     
   4.5845754802458742     
   1.9992711400976158     
   1.6956412067220026     
 -0.25372840221787341     
  0.87954965623351622     
 -0.95275009993724646     
 -0.55611705540592982     
   1.2825470065903053     
  0.65239843479653326     
  0.75581557477909189     
   3.7166459079016043     
  0.17027775029431710     
 -0.10749532507489282     
  0.25385817015891760     
  0.26435007918261477     
   2.2966424172406921     
  -1.2569629439299077     
  0.89568635242369921     
   1.6829855171867740     
  -1.1598452325057691     
   2.1799895114077499     
 -0.46603854371171216     
  -3.5742459328807952     
   1.8455649615083076     
   7.7151883009977940E-002
  -1.1084574897306028     
   1.6881978306599303     
   4.1757411964703985     
  0.50601170192884304     
  0.38204095272250821     
  0.24918023408599069     
 -0.15370775742075049     
  0.22328545969367053     
  -1.0240012531939391     
  -1.0176557467521865     
   2.3915857560049929     
  0.80830591378366190     
   1.4407773826059522     
   1.9577994761368169     
 -0.53037818749338639     
 -0.68498698952149073     
  -1.8173059773942127E-002
  -2.0126522286290704     
  0.11167287277013790     
  -1.2458151916453237     
  -1.3828857207440346     
   1.5883273623043166     
  -1.7136250504599926     
 -0.86965511306811172     
 -0.35476209004301662     
  -1.8946952243662445     
  0.17616536865802937     
 -0.40441320400543729     
   1.1070636501324893     
  -6.0355260906969715E-002
   3.6493817064975431     
   2.4328255797475320     
  -1.2405972138643768     
   1.7226877365472282     
  -2.3045633955503750     
  -3.1709792904343095     
  -2.2352211847407921     
  -1.2032063737817207     
  0.46462440371183600     
   3.8228653545548377     
   3.8780613045052399     
  0.22869770291743016     
   2.5442973525045320     
   2.9208263787102990     
  0.55075411319510759     
   3.5535155105045559     
  -3.0714193670928900     
  -3.3117705630567014     
  -1.5361744922012963     
  -3.3678495280202201     
   1.8304890405934233     
  -1.4072025700553810     
 -0.98732048382661564     
  0.94015408821739921     
  -3.6620802146878604     
 -0.34167462456017067     
   1.2626573332435000     
 -0.47777365603061428     
   4.4247312560868259     
  -1.7120334937639774     
  0.22666748748992693     
   4.5547402347226864     
 -0.14894993780161161     
  -3.7713084244936845     
 -0.24896198195521821     
  0.30194681811310059     
  -3.0808570872574101     
   1.4595655811352701     
  -2.6140561729427203     
  -1.3474938114319919     
  -4.4663425416109268     
   2.7247663587974134     
   4.3360691702520775     
   4.0935492275189374     
  -2.6972069136312649     
   1.6489064779313096     
   1.9672256359446429     
   2.2050099962206384     
  -1.5461411523710671     
  -1.9116635664604340     
  -1.7930750933982076     
  -1.3779981728179997     
  -1.0723800599522200     
 -0.67792152245020110     
   1.5097172394019489     
   1.8536174381619483     
  -2.2448570257591074     
  -1.8361711392403794     
   1.5408655277266228     
 -0.92252635338667277     
  -2.0952279443141899     
  -2.6565867856974466     
  -1.1342708045114771     
   1.3752171447589103     
 -0.21215433555888649     
   1.7977225155825274     
   1.7638872761790336     
  0.88389443606060869     
 -0.16906579659051907     
  -3.9855982505299856     
   1.9480717026406965E-002
  -1.9305495480644086     
  0.53515290458244169     
  -3.7618930727712305     
 -0.62884484649978933     
  -1.2774855933945379     
  -2.4458912303655529     
  0.86072442165994900     
  0.75090650890327981     
   3.6330525635253776     
  -2.1809003823949675     
   1.5973550718648277     
 -0.90584302340968326     
 -0.74575907454995904     
   1.1168485959469143     
  -3.4349345290513194     
  -1.1828856329669157     
  -1.7773764401907453     
   8.3470902176106157E-002
   2.4088673264451801     
 -0.74174386719012997     
  0.38382123200308405     
   1.4332828289411819     
   2.6523774045033610     
  0.20806321124114849     
  -3.3068164840496501     
   3.4952905668713914     
  -1.3386343236779159     
   1.4251341977044820     
  0.47156053386879943     
  -4.2026655624870610     
  0.42432718813353160     
 -0.47696567112656602     
   3.6797465664959956     
  -1.1140611750000413     
  -1.4305859415895206     
   1.2144227113719173     
  -3.8492649161967560     
   2.2050517453196088     
  0.75992893294636077     
 -0.19347772507360483     
   6.4025052468653407E-002
  0.70906980260334040     
  0.87135334984113988     
   1.4008473213597810     
  -3.1097133679368811     
  -2.4420233461577308     
  0.79921337533704206     
  -1.4554974154162401     
   2.5313815878881468E-002
  -1.0244521760503191     
  -1.4766519546571684     
  -4.5020517439530519     
  0.70336255419617622     
 -0.58076295500353325     
   2.4629188672950399     
   1.2835361111845343     
 -0.54636665259662121     
 -0.79348771929463824     
  -4.3939772914933437     
   1.9665506719555228     
 -0.58262208149077332     
 -0.85524089621936694     
  0.45669144150746355     
   3.2047361817026445     
  -2.1644186263152205     
 -0.77090771175538830     
  -1.4653761682378992     
  0.30990462212869518     
  0.80679158064192957     
  0.87270007940262195     
   1.8961598965326210     
   3.1707705434542848     
  -1.3040983373001052     
  0.65823832007040550     
 -0.13090546596204017     
   5.4578749164325462     
  -1.3521214316161672     
   2.2596873462897387     
   1.4043856000322856     
   1.5934567425124730     
 -0.36789386426565268     
   1.3508857994279020     
 -0.32899269086578264     
   3.5581270524243935     
 -0.17112458555466459     
  0.84124215829388760     
  -5.0424803465664905     
   1.6152003243338509     
  -4.4414422339451551     
  -2.7916673345787442     
  -2.9871318404145200     
  -1.6498460125293990     
   1.9694157504295073     
   1.4979070055510988     
   2.1360569286514615     
  0.36222411274612487     
  -2.8158097866404570     
  -1.3813194080734910     
  -2.7949877485340999     
 -0.56486220124110642     
  -3.6623146781262230     
  -1.1693366403146994     
  -2.5698641825386281     
  0.49518520019088530     
  -2.1205055992169930     
 -0.80531795171425802     
   1.9556152770530324     
  -3.6765150343288866     
   1.2292053410504504     
  0.32739926553668586     
   2.0803846771313279     
  -1.2211874519860397     
   2.1177591131008432E-002
  0.87415397778180093     
  -4.5514204967708087     
   2.1953153815408175     
  -1.6464905734705770     
   1.1073230492286641     
  0.65839087771294391     
  0.39105888790155380     
  0.43976461619102136     
  0.26421880120897778     
  -3.1906268800525082     
  -3.7360294534162222     
   1.4792254051510678     
  -2.3857487408270939     
 -0.38861139647439785     
  0.73331682105800111     
   1.1586844508056970     
   1.6468779067813475     
 -0.26060371462970916     
  0.83015625626215961     
  0.91506678646309869     
  -1.5010168031390305     
  -3.1652001741668423     
  0.73832109303334059     
 -0.36829115728621781     
   2.3413111956969712     
   1.4534996748381730     
   1.8753814589106570     
 -0.14352615111676131     
   1.7019102871536795     
   1.6523666138283977     
   1.2180147056192090     
 -0.33716873792064378     
  -1.8330698190896619     
  -1.9323032184389841     
   3.6222351707459639     
   3.7247243089854214     
  -1.9236518473697606     
   2.8153089157243172     
   1.3985731856563277     
 -0.67129341955949484     
   2.7409220601651434     
  0.40835532506620370     
  -1.3130517505688104     
   1.9558181212139664E-002
  -2.2141277332562912     
  -3.4652569645340656     
  -1.6179870121118507     
   1.0646752268138890     
  -1.6104379257592909     
  -1.3761583861709270     
  -1.1865610412680720     
   1.5973003353473001     
  -1.4125703710175566     
  -3.5410698850359927     
   1.0225309235761513     
   1.5661692158351070     
   1.4767811602143719     
  -1.0016784301464867     
  -2.2441453618149563     
  0.51836814539947373     
   4.0746049411488112     
  -3.7563749558045578     
  -2.4140006545517809     
  -3.0347457251721859     
 -0.15650215007931484     
   2.7721042389327398E-002
  0.98791480431734702     
   1.0402838243613810     
   3.0823091030562098     
 -0.46058473254432436     
  0.41437496135344298     
 -0.82428818353087030     
   2.2460718663427666     
   1.4664125384106150     
   1.9437946062783820     
  0.95689876381013705     
   2.5394571131565975     
   2.8096057571392432     
 -0.25393029719371918     
  -1.2814352064895105     
  0.85965411525943702     
   2.4156646803637494     
  -2.7856883928247260     
   3.3130002855919116     
   1.1004945025332571     
  0.11692204232079904     
   1.1311647616527467     
   2.7619181373700656     
  -3.0165655149330264     
 -0.86917148120948551     
   5.0240195640766006     
  -1.2351650431955827     
 -0.92711879760747040     
   2.4251980528667709     
 -0.81408613662413543     
  -1.0018136262251400     
   3.0015979774484065     
  0.61258300500239804     
  0.80566365029710107     
  -1.7946153360449999     
 -0.35357014429397543     
   1.3002526762164208     
   4.2314995456438256     
  0.84790229108429271     
  0.45069776857490745     
  0.81396248196359089     
  -2.7353473384620415     
  -3.6046413700285092     
 -0.66429515045809662     
 -0.83065344762913418     
  -1.3317674921214913     
   2.4592733177551205     
  -2.8034556037034366     
  0.57762842708077344     
   3.1119541131046704     
   1.6889303709783814     
   1.4794676272866483     
   2.1639778924560407     
  -2.8850397127884113     
   4.9170619234154660E-002
