  0.28064330098226370     
   1.3788147763379075     
  -2.4705844055016954     
  -3.5782163774872808     
   5.2032455850248051E-002
   2.1180701498191503     
   1.2780824457913484     
  -6.5443086536410233E-002
  -2.5670961209910536E-002
  -1.4039599316616092     
   2.0484206436611232     
   1.0682282504890905     
   1.6647894258071665     
   2.8723620733474191     
  0.77212495065113917     
   2.0677017700002076     
  -1.7486695381368651     
   2.8849019216496110     
  -3.4383695181171965     
  -1.3544156182744016     
 -0.34452021769986463     
  -2.3053451526761317     
   4.8849678523119504     
  0.20412750382099423     
  0.63206459096668122     
  0.63052862174227431     
  -1.4005957465805783     
  -1.2271804857843569     
  -1.5655819690267241     
  -1.4851649444505768     
  -2.0442577589726612     
  -1.0206888103504721     
   2.3568908273012057     
  0.73426905014386035     
 -0.43350932428052696     
   1.0452842720117932     
 -0.92045988947793933     
  0.73852360302093090     
 -0.15774512156853643     
   6.2428529018523943E-002
  -1.3757297329922393     
  -1.4392913872056274     
 -0.37340693917589601     
  -3.0115132006484728     
  -1.1763001592250513     
   1.5433263518670965     
  0.54103763296021501     
 -0.10406026836984281     
   2.9974159186440398E-002
   2.2913098556186293     
  -3.5345816202890483     
  -1.8489564124452922     
 -0.23247009997682877     
   1.5261405021678693     
   1.2320933035517938     
  -3.7260559855408544     
   2.9138986839248933     
 -0.56008509878843027     
   2.1986426133546408     
  -5.4565506995470647     
   3.6261525976970201     
   3.6860625413376642     
   3.0968636132447056     
  0.85683701932306844     
   2.4294644195047241     
  -1.0282162372676196     
 -0.30531652153970285     
   6.9250519757405829E-002
  -3.5805391860114875     
   1.0113716245814823     
 -0.10404108588186488     
   1.6054606073127271     
  0.57676374938679142     
  0.67808326619565573     
 -0.35199616925987920     
  -1.1585554041162782     
  -1.6680878343101773     
   2.9734502183672271     
 -0.89811635074519292     
  0.55426181318320289     
  -4.6538359566353016     
   1.8999019134191735     
  -3.0105956892431647     
  -2.0572596280866224     
  0.90839851270622829     
 -0.65327970265940882     
   1.8661226766872541E-002
   1.9914744666023965     
  0.99398224920710854     
   2.0989363255250995     
  0.65323630836285274     
  -1.0850730511706628     
   1.6000078747406082E-002
 -0.86167295847363823     
 -0.64275975652309481     
  -1.6517721716612792     
  0.25407048152622880     
  -1.1193839349646515     
  0.33471741972082303     
   1.2224284640394663     
  -2.1309066012247615     
   2.0904511175567340     
   4.6420885350397905     
   3.0416185842242629     
   1.9742482132594055     
  0.10517490525665038     
   1.0167316689956933     
  -1.3541262992533976     
   2.8703015482337846     
  -3.1600299672823922     
 -0.98750868679050285     
  -2.4477939467517138     
   2.3694756625401601     
  -1.0810466075194760     
   2.7724400626834060     
 -0.36754463583890551     
 -0.45252027973863768     
  -1.5531777489771763     
  0.10651680228572237     
 -0.85144221985849888     
  0.14343005019234648     
   1.7280799113788288     
  0.70063588585878012     
 -0.12737358886989089     
   4.0556237262170693     
  0.39530986299059639     
  -2.6835073832781751     
 -0.75843070681967584     
 -0.24622054182789468     
 -0.89317851826055972     
 -0.85211371192667085     
   2.3971019242457796     
  0.82988664914845134     
  -1.6835561933367462     
  0.88977011186240917     
  -1.4080590136106630     
 -0.45815097296598373     
 -0.36339249874392643     
 -0.30474937212523873     
  -3.8746320710330417     
  -5.4146639194963679     
  -1.6231705153475129     
  0.45273998482313638     
   2.2605926302510997     
  -5.4164343620477791     
 -0.99384825167782942     
  -1.4130779894489784     
  0.73568704475959734     
 -0.60070708290128005     
   4.5826878912848493E-002
  -1.5536843011824399     
  0.92923369624339935     
  -1.0041436508448465     
 -0.53898505539672137     
 -0.23524091878708445     
  -3.5237653867153801E-002
   2.0257802012740029     
   6.9575633788519858E-002
  -1.0859533862356903     
  -4.0206410238040524     
 -0.83187916672619455     
  0.19129986982835090     
  0.65639086393271973     
  -2.1118078611086362     
 -0.89688689746181249     
  0.79809040267183495     
 -0.56778715825927695     
  -2.7062596252695048     
   3.5381688051740183     
  0.99485525499190020     
  0.70469434764799777     
   3.6949079568432315     
  -3.3604960760160125     
   1.6614121627727036     
 -0.39621392060347166     
  -1.1997745984002826     
  -1.9829356825266788     
  -1.3281382660704812     
  -1.8594335809271134     
  -2.0651401654835233     
  -1.7796888522416785     
  -1.8779870585176726     
   1.2488490965234651     
   1.8482885555176500     
  -1.1137571952415635     
  -1.2530650180491776     
  0.78868056588983404     
  -2.1532306390767051     
  -1.5046101565098886     
 -0.31643449039183102     
  -1.2288191806281603     
  0.13741087002477873     
   2.4910787989493062     
 -0.51406049697761835     
   2.8691913883579079     
   2.0116009614625239     
 -0.39942806498859218     
  -2.5696268358992080     
  -1.4823655519890846     
 -0.61448272993006114     
 -0.99529607064116488     
  0.67593916409406274     
  0.95939558070257336     
   2.8391630878712135     
   1.2768422023279165     
   1.9627859358230335     
  -1.9750553785989013     
  -1.4509425166125449     
  -1.8581492360728229     
   3.3699659168940057     
  -3.0677496076647599     
  -2.6270543859508630     
   7.0266295824398223E-002
  -1.9434298505918788     
  -2.0657085256831547     
   1.4917735575885183     
  0.68053160646593958     
  -4.6852830675976698     
   2.5790024485448870     
  -1.5368190812164462     
  -2.9489303668559455     
  0.53101962460301944     
 -0.90746279304022581     
  -1.4649914682206262     
  -1.3308389534959721     
  -1.5252481915918052     
  -2.8934333675329564     
  -1.7734921571230202     
   3.3995465539965419     
   1.7246504268685807     
  -1.3903869446400965     
  0.31122416685418913     
  -2.2461188087144355     
 -0.89830102896193953     
   3.0246243904754793     
  0.26347957392753063     
 -0.98578414415431603     
 -0.66752532174156343     
  -1.6491922472145462     
 -0.92978071396263018     
  0.42147508679443757     
  0.59070357549949803     
  -1.7477726401430596     
   1.6032172934946907     
  0.10817179042104923     
  -2.4779862806659310     
  0.77416420026570476     
  -1.8849410859489646     
 -0.23660455573236314     
  0.51354124532440604     
  0.58465361147102124     
  -1.8599384150315690     
  -1.6575125155227688     
 -0.50787118322045621     
   3.6549062167082469     
   2.1973747205477183     
 -0.31621871427795228     
  0.97908714441125233     
 -0.81955339925960746     
  -1.0419361258918158     
  -4.0498963022022476     
   3.7484004504708621     
 -0.85209421943059982     
 -0.46537502197972641     
  -3.9474522606553237     
 -0.24978138412213702     
  -1.3626366456842294     
  -1.1490334656703833     
  0.44268990683426096     
  0.97331595226449819     
 -0.12997418480990822     
  0.36070905918545570     
   1.6136227946879798     
 -0.75990560058542544     
  0.29122150291677612     
  0.28498591249336630     
 -0.81132967496832009     
   3.8528730922422034     
  -1.1767654852255216     
  -2.6518580724159424     
  -3.6612429382065312     
   2.2775026435460557     
  0.89555977170818213     
 -0.59532629060596720     
  -2.2036259388495427     
  -3.9197320309874977     
 -0.74101134149671632     
  -1.6001070271470021     
 -0.99205524001615619     
  0.40012114249298858     
 -0.11119945524171046     
  -2.2979822426596095     
  0.69227612350457235     
  -1.5099966965136817E-002
   1.0013972766651753     
   2.2863192213602801     
   1.0416141963412626     
  -1.9991161468778702     
  -2.1923197008966655     
 -0.74281910783643290     
   1.4897824005248912     
 -0.37286418442627922     
   1.8469812885306056E-002
 -0.46880833948240358     
   1.0179495167918438     
 -0.69990984313745863     
  -5.2429322866546979     
  -1.7162179679852396     
 -0.73448670424776163     
  -2.0462241070004317     
   1.1086615762526126     
 -0.90041177733064048     
  -3.4257659730523300     
   3.2039769829270384     
  -1.8668276097747509     
  0.72364220083237130     
 -0.21370425151484598     
   1.1358516968018670     
   1.4644216221787600     
   2.9251795884360092     
   2.3124405994461728     
   1.3365558733479379     
  -2.3921098761731692     
 -0.11452422216626136     
   1.7874737991362046     
  -1.1460920554487581     
  0.78492272896160431     
   1.3784986006010653     
   1.0625378868872273     
  -3.8613252290880866     
  -2.3740072686492617     
  -2.0737001043057970     
   1.4627594273762110     
  0.34991935488309572     
  -1.3601652587259072     
   2.1239095159763228     
 -0.65493767940232861     
  0.67747939944877356     
   1.9037016768472856     
  -2.4318531615776333     
   1.1707475165671453     
   2.3462125257583129     
  0.59494954701315628     
  -3.2297788366336082     
  -1.3890507197958426     
 -0.55198051340973953     
   2.9213706918613451     
  0.62120822938177733     
  0.34724913118671241     
  0.81821008751996349     
 -0.56910357875483697     
   2.8184931936397288     
  -1.3533925546195689     
   2.2499437788432952     
   2.5169063201187543     
 -0.13430325749230237     
  0.13862530472671486     
  -2.2220379061676283     
 -0.77827518540058227     
   1.6252846922569513     
   3.4178770372463516     
   2.6067140340095141     
 -0.67967416210169251     
  0.14123596589390436     
  -4.1605790112652512     
  0.16983908017774618     
   1.5645680446822352     
   3.9341970217561064     
  -1.3978913508096260     
  -3.1211124251138336     
 -0.83609718639333797     
  0.58844230233995820     
  0.37590740481747381     
   4.5814889678752877     
  -1.3405007288509552     
  0.20490811820189408     
   1.3046396741835200     
  0.45005548994820821     
  -1.1596278915692440     
 -0.78328162225101916     
   2.0113024391280958     
 -0.73155616063135476     
 -0.46901121629072207     
  0.76881268920683521     
  -1.7767148595907294     
  0.71254564736607084     
  -3.5609998816034563     
  -8.9447805753024058E-003
  0.77838739808857360     
  -2.1576689545811343     
  -2.4271365312910205     
  -5.7958532784228071E-002
   1.0038437947424155     
  -2.5279918340290770     
 -0.72573314288578483     
 -0.47991255244035907     
  -1.7451016686620651     
   1.9106144269695562     
   2.4167893765029724     
  -4.9989163128536545     
  -3.7455879740464750     
 -0.72616408918985587     
  0.75466056619098132     
 -0.44590304610942405     
  -3.5118361797378452     
 -0.89858583234695166     
  -2.7735506722006296     
  -1.5879136770596189     
  0.11450610590808125     
  0.44350146811365643     
   4.4877082626434115     
   1.8541579938090353     
   1.5044826919213923     
   3.2634065554765042     
   3.5658278730857247     
  -1.3502978119404301     
   1.4055218831469287     
  0.34510243682768493     
   4.7499565949070099     
   2.4041754537130440     
  -1.9816491173914521     
  -1.4792087475318292     
  0.58154413981537012     
   1.6761671011937680     
 -0.51795535512636393     
   1.1236382992373142     
  -1.9708534291142723     
  -2.1770339971645649     
  0.60992009140416792     
  -1.7940395175284245     
 -0.46379903190225175     
  0.75018839039190255     
   1.3544566747603501     
   3.2832018700359562     
   2.2080358145966152     
   1.5942686533060817     
   1.4248275188495745     
   3.2277269164301132     
  -3.6166728329902816E-002
   1.6516021275694273     
  -7.7046994234473379E-002
 -0.87142754574017756     
 -0.28736921126869319     
  0.20688932239416755     
  0.99112847320144726     
 -0.66888351767531273     
  -1.0685385999137049     
  -1.2305921848483317     
   2.9976334022369548     
  -3.2088390347913647     
  0.16152240670531556     
   1.3982201903323692     
  -1.5285653502696046     
   3.2956718690150875     
  -2.6560915028608814     
  -1.7839145359837600     
  -5.0798453714633478     
 -0.36601360326802079     
 -0.18050243679466152     
   1.1766758129796295     
   3.4460481885615240     
   1.2899582628354314     
   1.7217293939377396     
  -1.8965664304784595     
  0.70967573831464692     
   1.9195450502962537     
   7.6577679682807293E-002
  -1.2527923328385935     
   3.3857389500772830     
 -0.64693991752916158     
   1.6863110590158508     
  -6.0220321004209466E-002
  -1.7060401795220692     
   1.5968116305560622     
  -2.7843965468249587     
  0.74034201505340214     
   3.7668385185193549     
 -0.43478115843446857     
  -6.2862910357444237     
   3.4605082263954432     
   4.2443402127231140     
   2.7343044139087951     
  -1.7305751209466740     
  -2.1224188181008175     
  0.51726471796573914     
  -3.6276735344228962E-002
 -0.97580580277176199     
   2.4076570497640506     
  -4.1133364187476644     
   3.0534142521179679     
   2.3461109504281383     
   1.2354401619537489     
  -1.6628823286156404     
   1.7685904536539796     
  -2.0046272674163648     
   2.1648808867017970     
   1.4666688218343367     
  0.61979591541699808     
   1.9772658848259963     
  -3.0780673455738925     
  -1.0022031670497835     
   2.7154880825810865     
   2.9055156761247654     
  -1.7195487040269841     
   3.4861200421183178     
  -1.4970665959368818     
  -1.8175477498715704     
  -3.7963598600206714     
   2.0429524870098881     
  -2.3864305270361097     
   2.2255232167207817     
  -1.2641295802783956     
  0.25153701804069561     
   2.3171967750374316     
   1.0110802154983678     
   1.0988540261102131     
   5.2547667269608791     
 -0.69129530764118696     
   2.4084437770045630     
  -2.5034630726343310     
 -0.94596932257236943     
  0.58457066840288030     
  0.77511103861602193     
  -2.5827025021259598     
   2.6585294444170571     
 -0.55935222562709741     
   1.4004727032565356     
  -2.7674487996105035     
   2.8237852886858170     
  -1.1610894109994054     
  0.97127907114917678     
  -4.5405574912976974     
  0.13166905813174093     
  -1.9279913514747247     
  -1.6058831181943547     
  0.50206985115030001     
   2.6503718812958446     
   1.7683016727853118     
   2.5980856700642181     
   3.3103948715618663     
  -1.9858625385653907     
  -1.5569618163687622     
  -1.0290587134589766     
   1.5854401639783005     
   1.2394881929565802     
   1.5563516741835011     
  0.20760454580648868     
  0.83804930160154412     
   1.8121405800748409     
  0.22420648544734492     
  0.28928740588287316     
  0.94695675706588101     
 -0.97119442957603852     
   1.7708163387760845     
  0.86008502541542153     
 -0.69179366923933772     
   1.7404813189377621     
  -2.5300867850751225     
  0.97394843609071191     
  -5.6653585299691146E-002
   2.6863802411681839     
 -0.65236231678681256     
  0.83626332379922119     
  -3.2047806088352955     
 -0.10562728025326126     
   1.8632027973890588     
   3.2840909638283433     
  0.79387480025934187     
  0.21557698499813416     
  0.31839628189810731     
  0.17655209422569096     
  -1.9088629562834054     
  0.87295692966797278     
  0.72919503283700182     
   1.0278085083279860     
  0.30600428372528454     
   2.1038190562237684     
  -1.3373858105698311     
 -0.46905470909533575     
  -1.3143583774352732     
   4.2930775447351582E-003
   2.6713216532867654     
 -0.36461193659798236     
 -0.69860436090459477     
   1.3149962969961408     
  -2.5834954245943895     
  0.94773166035024536     
  0.46842575942186443     
  0.28601545132484574     
  0.29949871450898446     
   2.7322167333907053     
 -0.44127924144583164     
   1.8366740266674109     
   4.2757919451677591     
  -2.8239075111150327     
   1.3691776494979904     
   1.9816690054126713     
   3.7425006242899501     
   2.4868310971964238     
 -0.50989037199224641     
