   9.2403951259564501     
   12.859415052063401     
   5.7773554589425826     
  0.14908375731224283     
   5.2299872806276494E-002
   6.8237589439621082     
   9.1251963762145074     
   3.0195956080143698     
   11.241571958818550     
   9.9699396340927873     
   7.8258418634797628     
   9.2648558354090191     
   2.8545981413164587     
   10.645473115734616     
  0.33542930857246356     
   11.320240275382520     
   8.6043944568940169     
   13.573542796734525     
   13.805940820811378     
   11.761105281907206     
   4.7549594253074305     
   2.9024655589990975     
   8.6519492497270072     
   8.0352146886744329     
   7.0356520571378445     
   11.789936225463338     
   2.4907282119482654     
   2.7193025193344971     
   2.9871135941048697     
   14.940023823784156     
   13.042232172050984     
  0.68080908617140345     
   5.4526786485682619     
   9.3015325414060364     
   13.991122469820104     
   10.496932768639702     
   3.6549548891926209     
   6.6636232398188753     
   12.775305263021460     
   3.1320722597263040     
   1.4573675641559602     
   12.742116119768431     
   14.486600098861379     
   10.843329888631690     
   1.3165553292100685     
   9.2539332636258180     
   3.5452095143181741     
   1.5353433167144430     
   10.661822331557312     
   10.838285401412470     
   13.792689584823142     
   4.2101225883679962     
   10.134245212174903     
   2.2980425704252432     
   6.3758970796817911     
   4.3266892252320543     
   8.8421603014733989     
   7.0626089059625912     
  0.52460757814377246     
   8.9753844450271121     
   5.7317275240834062     
   12.234403395688688     
   11.326383922255850     
   12.641215896398089     
   7.6906604248236938     
   5.2646453186296274     
   13.806008200950929     
  0.72383508712849309     
   10.781083486433930     
   4.3906081995894830     
   14.913333277686917     
   7.2932738505757904     
   1.2254886454236753     
   12.230204410417642     
   13.880036418776928     
   4.8399785851220658     
   4.0975110885260504     
   14.857874908961877     
   11.517948121716318     
   12.592054601128776     
   6.8561563515874155     
   8.6045138590951655     
   10.486297214648756     
   3.3064051232999052     
   13.574264695140682     
   1.1337529103038411     
   13.739369932221397     
   2.6932079024128739     
   13.622476008018328     
   8.4856106861806122     
   3.5786828471984768     
   7.3351039263147371     
   13.726386120853123     
  0.19283695466074333     
   11.234946553960748     
   5.7107127511829816     
  0.80396938380225291     
  0.86743140797443974     
   11.506270066468181     
   9.3026225305067030     
   2.8142573627316074     
   10.213605495644615     
   14.585027516795678     
   1.5086454584146469     
   2.9187307154289317     
   13.706478702247585     
  0.43079849839152673     
   2.5515714715035127     
   7.6438408582762216     
   1.6692498997497025     
   2.4972739385942573     
  0.55011393030496103     
   13.039901811493271     
   14.481748130671184     
   5.3573292531445329     
   5.5706303554208114     
   3.6981250188918575     
   5.6617446916437686     
   14.754104327489959     
   9.4023838996323281     
   9.5782788888478834     
   7.8743435157799002     
   3.7658387321178903     
   14.141878661727940     
   3.1421976780111378     
   13.579563100067752     
   14.736733527023796     
  0.59824157482819074     
   11.146492603553105     
   8.1637424891108736     
   14.883126980083354     
   4.2609724076423534     
   3.9139733272169650     
   10.967073864765574     
  0.58038878278941219     
   10.744577894703751     
   10.571734898461974     
   4.1044810074297251     
   4.7813679281659542     
   12.169556777453797     
   8.6605802053248091     
   10.892671634507654     
   9.8507703756730240     
  0.74625840090058393     
   9.8341824443885137     
   10.661870907953766     
   14.999692784574430     
   5.2928954457037829     
   3.1088457854862290     
   9.8979978949291691     
   5.5759046198117650     
   13.708399916935342     
   5.3503102487631660     
   3.1282015498028435     
   12.759942023170179     
   8.5967147778233670     
   8.7297780545119235     
   9.0771437269643229     
   6.6365174496693795     
   13.350149871942179     
   10.559226807856595     
   13.531712049682440     
   10.911096701028391     
   11.940868798175293     
   14.368308556914799     
   4.0670678269443572     
   12.671118990054167     
   9.1227571061503916     
   4.2159713738026623     
   7.4761104041173523     
   9.2388148081485504     
   9.4617592421557593     
  0.87682519163812489     
   2.7074143462285898     
   3.5709530265266332     
   4.5176670546714188     
   14.705008139251088     
   1.1868389406426680     
   2.0963656381481348     
   6.9213644386445914     
   12.804673612676504     
   14.265244554875515     
   11.369301789125473     
  0.29483363696657461     
  0.49220981485144827     
   1.0739068323531060     
   1.5864226049811152     
   4.4788133160385604     
   10.840907575877946     
   11.081581399835803     
  0.28343515340275793     
   7.0058174091836429     
   10.195773078763271     
   11.699365138147813     
   8.2904145399498681     
   1.1275779317885726     
   14.951812670955348     
   2.9427113660976012     
   13.619383627676594     
   2.9577453521144084     
   3.3258937278094893     
   5.1141935292622644     
   1.7215350570640773     
   11.758513364435993     
   1.3648250781554689     
   5.0543633107985402     
   5.6295549447995983     
   3.0484071909797348     
   6.5483885764575893     
  0.62314459874843486     
   11.239370312638886     
   11.129245615911952     
   14.893038956808272     
   5.1748629145789060     
   12.871923695564808     
   8.4062622776665670     
   14.593447375066528     
   14.833897595997797     
   14.261274290269329     
   8.7408014352543475     
   13.670490552064759     
   11.492931523982765     
   11.929810312417020     
   13.391936653847146     
   11.408340811106756     
   11.639359560150451     
   10.089539285733734     
   10.714126203457432     
   9.6981489321150214     
   5.6814886225434682     
   10.295842964866059     
   3.6343726411142234     
   8.7278181830270967     
   1.6390366164070902     
   3.6922823774502125     
   2.8715918749164349     
   6.3126348478427134     
   10.901444731013910     
   12.098550510689371     
   2.7707081538097214     
   12.220329017963936     
   14.085869047666595     
   12.216971722939473     
   8.8583795850246538     
   2.3932161263694383     
   3.0452961344689711     
   11.785176187643941     
   13.976316487110717     
   6.9742290663229838     
   7.5590385410206178     
   12.628156948477281     
   5.6583888850319486     
   3.6865885741907300     
   4.4603021819738800     
   4.0165406989406360     
   5.7761812595389506     
   2.4275439636248359     
  0.53432428004514843     
   5.6530574245636389     
   8.7108925128532420     
  0.55221129097000488     
   2.6214847171263549     
   2.2363042695551201     
   12.762088934706989     
   2.2699023989747720     
   7.8286760460122879     
   5.8697778674639807     
   13.813403432650553     
   7.3733689656670318     
   8.2626367110826386     
   14.271227933827969     
   9.5365807456692089     
   11.337347276612578     
   14.973227185639365     
   12.780923377902669     
   5.3449399288215913     
   12.725871028612149     
   14.649875315843021     
  0.64298948715345705     
   4.4478648318270544     
   8.9241529094749943     
  0.23494919711722825     
   14.952435832364937     
  0.97873812039172503     
   8.7509118206486320     
  0.76465211904255115     
   10.885886802991827     
   12.884411244287287     
   9.9287208947658172     
   9.8361355748147954     
   9.8351721195522792     
   1.4159579841413452     
   7.8978683682697310     
   14.396551003346623     
   4.3265940886056358     
   12.069024566552544     
   12.840255584655232     
   7.8819821949049995     
   7.3894910509418503     
   1.7312215259565649     
   13.296577055420977     
   13.197212061254618     
   4.1513738313617363     
   2.5753869464239307     
   4.3527982568028571     
   5.6632326678527418     
   14.890159393317283     
   2.2265239417547242     
   4.8826412589255437     
  0.72548621578853600     
   8.8669751634110821     
  0.86321594991772188     
   8.4942624217862761     
   8.7206163290209471     
   13.443746025401536     
   2.2457108361206313     
   6.2957151215948359     
   2.4910804797952615     
   14.186948332884350     
   9.8423859757070193     
   10.060200671553364     
   13.315521966735716     
   3.4175571876570272     
   11.227126548498356     
   7.8962626471046136     
   7.8622848496199564     
   2.1188125669829061     
   10.696235393728781     
  0.41111372153126524     
  0.15077595603955937     
   7.9478247674752538     
   9.1419654026893618     
   9.7283137410384040     
   2.1511110672674811     
   8.2442909879897677     
   5.5558688084729830     
   5.1919085221276582     
   2.7751614841093963     
   7.2896953738672305     
   3.8465556391961924     
   11.895595953326112     
  0.86207744593799307     
   1.6401112534245912     
   3.4828588635988038     
   5.6099522620224729     
   9.3731463318232997     
   14.187293588718429     
   11.620572958280528     
   9.9119201298932893     
  0.39107904193387144     
   12.509547727402921     
   8.1210264030779076     
   6.9619755342388308     
   11.717462229385310     
   3.6698191075277591     
   13.454036293769214     
   1.4226736749224629     
   6.6001016326006674     
   14.621199816172629     
   14.314967267008310     
   4.6652926720497563     
   4.2850209609307957     
   1.5197999919866916     
   5.0406525145277037     
   3.6411662843179977     
   5.7370067455069664     
   1.4386299297918308     
   7.1645039888900168     
   13.647225086941614     
   8.8630625613146687     
   10.107702889074638     
   13.884665390414346     
   10.617896116492989     
   2.0952712720822655     
   2.8355596351286043     
   14.658217409322484     
   11.184183492308700     
   10.131469440537593     
   14.647287243398203     
   3.9628115905996601     
   3.8001087515799052     
   8.2791905487312363     
   6.0730391987598589     
   9.5393862049460267     
   3.0169180074877509     
   14.916096087076438     
   6.4238365848077192     
   10.420309717848527     
   1.7803698001034600     
   3.9245735051836301     
   7.5778381884046837     
   9.9424526043833801     
   5.6284858564387026     
   1.6614420803328045     
   12.285067266051263     
  0.78107167595716198     
   8.6525304517816810     
   2.7145837665324906     
   2.4994698640782698     
   12.790827865337882     
   6.2755557748008899     
   6.4855184583768350     
   6.8206119671843117     
   6.9276935133316018     
   7.9308759075422053     
   14.304707930403188     
   7.9312355806235774E-002
   13.392375046451106     
   5.3238418734950983     
   14.176546359165197     
   12.863645203660912     
   5.4747951729696576     
   10.870768809069965     
   2.0737105497887485     
   13.819064650592880     
   2.1893998936529528     
   5.4576309823119686     
   12.080431109549979     
   3.1332339309903885     
   8.1886091597326267     
   5.6248810533360292     
   9.6639563602208849     
   8.6901630476302838     
   3.4718346639474449     
   3.6225157164826225     
  0.35205905204386767     
   9.9870424053778155     
   5.4926314125453297     
   1.2163492737061590     
  0.25026136258307985     
   14.523458698191464     
   14.545835525449842     
   6.3258486602751614     
   7.0840249327402818     
   2.7365158437570987     
   1.0720059381317963     
   4.3902869999387439     
   1.2480123092735276     
   11.751458151669183     
   13.867968148970302     
   8.5846334593492823     
   4.4734499000616772     
   5.0525471079767330     
   4.6552794467486569     
   9.6066794575231853     
   3.5866317213424197     
   7.0849437009149057     
   4.5417856008254098     
   10.860937706661622     
   7.3920651249692702     
   11.231154833975639     
   1.8166027433133023     
   14.834518811525914     
   3.8274656275091452     
   3.2270121258213798     
  0.18727881582472267     
   6.1069676833239228     
   4.6019539906473348     
   6.7816413922544294     
   7.7194806819697606     
   12.806962587843305     
   13.818262952106320     
   11.666352843188779     
   11.641247237604709     
   14.125390875145317     
   12.184885785426649     
   11.008665576987006     
   8.7406519919908892     
   10.163249902469811     
   9.3991263780361383     
   2.3272374398381475     
   12.845286021529908     
   2.3649982109736909     
   11.829980926606151     
   14.443535200815569     
   2.5849569083777721     
   7.3232611055079850     
   10.212185980039521     
   5.1783232394530989     
   5.2068905440871331     
   9.6926949707486116     
   2.3814406024064994     
   14.566004779973063     
   1.3220346177113105     
   6.2287935230986555     
   1.1391372515471827     
   8.6741314275823775     
   1.2449622648059464     
   11.869918645788234     
   7.2104192322294018     
   11.166301214161761     
   6.4036973433610926     
   8.2522052521104001     
   6.9927099173093543     
   9.8195776092470233     
   8.9568930222058185     
   10.106054068465031     
   7.3019127299178201     
   9.5816440365908093     
   4.4305524134304113     
   5.1615064487417230     
  0.62864436394608070     
   1.3515099943002971     
   11.986639265415295     
   1.5151045126932061     
   5.9704821184837984     
   8.8101371056438911     
   10.351611841721734     
   2.9459678488608616     
   7.8844847979498045     
   12.502337437935532     
   8.5082011076467783     
   14.984215877477109     
   1.9186858740726844     
   3.3948401170533007     
   2.3452754842370385     
   10.979586497784835     
   5.7093099601331527     
   3.1238629361781487     
  0.25802429823408152     
   8.2986852814096803     
   1.7517623107294795     
   9.5224759311516749     
   14.573142793842193     
   9.5843786202647330     
   11.193336891656891     
   8.6506501575020831     
   6.6104657530430337     
   8.9344732479990032     
   11.381754770836515     
   11.025649717231659     
  0.28036582219293399     
   6.6358324822392696     
   6.2135935412015959     
   6.0348007527231653     
   8.4199978079855171     
   11.171452029138260     
   1.7227541490079470     
   3.1490909257839230     
   8.3641806224147537     
   11.144828166830232     
   1.3465967679303299     
   1.6903131116355816E-002
   11.236300586902603     
   10.173751873630112     
   2.6258822666485839     
   12.521664704473404     
   10.858575816927642     
   6.2482842914839045     
   1.2322022178831900     
   6.3389304108914102     
   1.5817816711903088     
   11.466383559582674     
   11.204407200157002     
   6.9639372814632070     
   4.8186255023565643     
   4.7243352774205620     
   3.0901183168628097     
   12.076144439609164     
   3.0416527433576732     
   11.705687893823207     
   2.3537948677040772     
   14.490522536847601     
   12.816290711271472     
   7.6613748231394201     
   8.5107746272791847     
   8.1585576948440952     
   10.525969795989688     
   5.4498969353250697     
   14.207524101983775     
   3.7561597448728943     
   2.6136500331808388     
   12.921119982163590     
   13.126004784349220     
   10.700889385134447     
   11.740447821416941     
   4.7557753111973673     
   1.3424772312401565     
   5.5549669779062869     
   14.415686699165907     
   5.4644693706635570     
   10.409716405343572     
   1.6578486012635065     
   12.977392931995354     
   9.3218184525618515     
   6.4330908632953356     
   14.854541351971463     
   1.7935823247287779     
   8.9432248137362489     
   10.867739182019472     
   11.461691601317723     
   4.5421065636926814     
   6.4117066553766966     
   7.7903607688916763     
   6.6592383719514938     
   9.1490552927817834     
   2.5611371275088732     
   2.7118248124205779     
   5.5269694222269736     
   3.4953474471058872     
