   0.00000000    
   3.99999991E-02
   7.99999982E-02
  0.119999997    
  0.159999996    
  0.199999988    
  0.239999980    
  0.279999971    
  0.319999963    
  0.359999955    
  0.399999946    
  0.439999938    
  0.479999930    
  0.519999921    
  0.559999943    
  0.599999964    
  0.639999986    
  0.680000007    
  0.720000029    
  0.760000050    
  0.800000072    
  0.840000093    
  0.880000114    
  0.920000136    
  0.960000157    
   1.00000012    
   1.04000008    
   1.08000004    
   1.12000000    
   1.15999997    
   1.19999993    
   1.23999989    
   1.27999985    
   1.31999981    
   1.35999978    
   1.39999974    
   1.43999970    
   1.47999966    
   1.51999962    
   1.55999959    
   1.59999955    
   1.63999951    
   1.67999947    
   1.71999943    
   1.75999939    
   1.79999936    
   1.83999932    
   1.87999928    
   1.91999924    
   1.95999920    
   1.99999917    
   2.03999925    
   2.07999921    
   2.11999917    
   2.15999913    
   2.19999909    
   2.23999906    
   2.27999902    
   2.31999898    
   2.35999894    
   2.39999890    
   2.43999887    
   2.47999883    
   2.51999879    
   2.55999875    
   2.59999871    
   2.63999867    
   2.67999864    
   2.71999860    
   2.75999856    
   2.79999852    
   2.83999848    
   2.87999845    
   2.91999841    
   2.95999837    
   2.99999833    
   3.03999829    
   3.07999825    
   3.11999822    
   3.15999818    
   3.19999814    
   3.23999810    
   3.27999806    
   3.31999803    
   3.35999799    
   3.39999795    
   3.43999791    
   3.47999787    
   3.51999784    
   3.55999780    
   3.59999776    
   3.63999772    
   3.67999768    
   3.71999764    
   3.75999761    
   3.79999757    
   3.83999753    
   3.87999749    
   3.91999745    
   3.95999742    
   3.99999738    
   4.03999758    
   4.07999754    
   4.11999750    
   4.15999746    
   4.19999743    
   4.23999739    
   4.27999735    
   4.31999731    
   4.35999727    
   4.39999723    
   4.43999720    
   4.47999716    
   4.51999712    
   4.55999708    
   4.59999704    
   4.63999701    
   4.67999697    
   4.71999693    
   4.75999689    
   4.79999685    
   4.83999681    
   4.87999678    
   4.91999674    
   4.95999670    
   4.99999666    
   5.03999662    
   5.07999659    
   5.11999655    
   5.15999651    
   5.19999647    
   5.23999643    
   5.27999640    
