   11.989129332867181     
   13.201789999584637     
  0.65852937405597822     
   7.1982278030599351     
   5.5759399592118166     
   4.8892729778834738     
   13.094076500757978     
   14.463504192049477     
   2.9043262485018499     
   10.425913004768731     
   7.3620220911150902     
   7.1546297507466825     
   4.9563952130664690     
   13.551804450261123     
   5.8846820263169075     
   5.8833302951344315     
   4.9373410150469326     
   4.9706053991407435     
   13.266038889463866     
   7.7363681716501231     
   7.4642566328827193     
   3.8959613048157995     
   8.5432104073712161     
   10.296821980429110     
   7.0164574830904343     
   13.730908599766932     
   12.523846988544662     
   11.850832979065652     
   14.728215538341704     
   2.0770596899742362     
   5.8384013340339189     
   5.5651124982607989     
   3.7336525882174141     
   9.9706535663327536     
   8.0646503055320373     
   1.4802512424773713     
   4.2757583069850682     
   10.038449610850122     
   7.4636910044014426     
  0.77445471993316328     
   6.6725886864235635     
   3.1381568154253805     
   4.0205780128065598     
   4.3048674560181635     
   6.4601720528987441     
   7.7667754108177371     
   10.980695966252972     
   6.2077245978690136     
   14.091970634366392     
   11.340890473165896     
   14.692048932117133     
   12.485658060135556     
   12.212651097046125     
   6.9805396473359256     
   6.6092511296969976     
   10.329844868713792     
   2.1123046926403575     
   10.885649361286257     
   8.7555385386426661     
   10.916835078176868     
   3.1485641466666463     
   12.091001777448694     
   5.2388967030262732     
   3.9103665839627513     
  0.46376357380067895     
   11.485716271198829     
   6.2240963996810681     
   5.9324032722674138     
   7.1710024509781665     
   8.7930512918549688     
  0.73047437752094668     
   14.383577329728224     
   13.445422073491311     
   6.6046504307993468     
   4.8044296748638295     
   12.225816626197377     
   2.0521834411866338     
   14.199435873061050     
   4.2230973505692218     
   8.6990451943616520     
   14.078764375349440     
   10.094132353923847     
   5.2779211625062468     
   2.7665966865685245     
   14.356571215340665     
   7.9176791284827805     
   3.3466808851421130     
  0.57870880187017382     
   8.2130176391861820     
  0.51885192009605019     
   8.1804906452963415     
   6.4544926727245890     
   10.138144193043440     
   3.8093795331023608     
   11.331931911218854     
   11.467754113542028     
   14.766313221769423     
   7.8293477845759440     
   2.2081535469840738     
   5.1238880896958747     
   13.089641006592453     
   9.6510927298882105     
   1.6085094594408369     
   6.5442332276217519     
   3.9772107963876677     
   1.1665683879251212     
   10.864321597503094     
   10.712265944643578     
   1.5644990762763120     
   13.146470003143467     
   3.3991805328939626     
   13.653627949147936     
   9.4328371519491672     
   3.8188370689343221     
   1.4969457023931296     
   10.056660155175960     
   13.323637599573585     
  0.27852609764112884     
   14.167784755089230     
   5.9896632395962586     
   12.132816494924771     
   10.984977908743106     
   14.810564532379328     
  0.35138499326246414     
   12.289057363426696     
  0.81604047947994374     
   2.5995964493497188     
   14.798052483235391     
   1.8741885189690366     
   10.602713241833278     
   13.310934452465371     
   3.8891435155632235     
   9.8691567148052890     
  0.92933469444798045     
   2.5759261777573639     
   11.613721245639191     
   3.9827851490441857     
   3.2022446465700525     
   12.759535363197742     
   4.0351940831122270     
   4.9349821687397366     
   3.3436029359757473     
   9.8097649061883256     
   13.371513634887004     
   7.9021789949988257     
   12.270309802489180     
   3.9329448465395052     
   7.8290054088998176     
   8.3458323276889725     
   10.392135898743055     
   10.801391463559940     
   11.462211544366792     
   10.132626730295106     
   3.0513827850671680     
   13.340368813738264     
   3.4278122531001691     
   9.5872468206691774     
   10.760824419287179     
   10.608646865037297     
   2.2967663091206671     
   9.8340143572414629     
   6.2419023830486919     
   10.286389894724547     
   3.7978781718803933     
   14.003467752472462     
   9.7203643329860281     
   2.3368497443944234     
   3.7001600061758091     
   6.0128433161185617     
   12.720885585663639     
   2.6645700559386296     
   14.575605006649473     
   11.100766354208586     
   1.2296615687758485     
  0.88472822269715967     
   8.4994470854523669     
   7.5529439892355343     
   10.025672976143568     
   8.6914340783375650     
   1.1365287919727807     
   8.6453285403686859     
  0.35599334235465230     
   2.0480683832050861     
   1.6311404484437662     
   4.7713886004411510     
   3.7102429521792808     
   6.4307573063737644     
  0.14969556355527233     
   9.5059767369553043     
   14.589134460168189     
   14.466589134042586     
  0.48169614306236636     
   2.3088982750471039     
   12.819181813980174     
   9.7697769940568389     
   4.5108111555750577E-002
   4.7878342489328700     
   8.1889538700670865     
   13.706839273265693     
   14.412906699570728     
   8.0074697550928811     
   1.7081905614195625     
   14.517279691920022     
   8.6401127020219466     
   11.859828659955326     
   5.8397776145216316     
   2.6346019647384753     
  0.99730750639071286     
   10.169021530898387     
   5.4394359025764851     
  0.99557030148466341     
   4.7435054715031360     
   13.662879470918188     
   3.4110854790330176     
   13.413006529698317     
   10.779786808470787     
   6.5781944180374161     
   9.9777143627272924     
   7.7856449798757694     
   4.3801903946362799     
   7.1919516208994798     
   3.4342049679442677     
  0.23181296783499247     
   1.5921834549797882     
  0.89991032442491603     
   9.8273940534314086     
   9.4978092887913057     
   3.2806049817076928     
   12.982044903882453     
   11.346202193043162     
   13.368588075049662     
   13.103395860828821     
   10.721704593097918     
   13.768012067281129     
  0.54142738041436489     
   6.1083798958781106     
   1.3581122178491039     
   5.1018088327112459     
   12.473838459449677     
   2.1377655906372386     
   6.4618227935453163     
   6.2064117787219235     
   8.8089308579484573     
   9.5351649315228979     
   1.0820237232478953     
   5.8718225274469003     
   2.9711335689584866     
  0.59086245061930431     
   12.971091077808502     
   8.1865875210264072     
  0.30363707493229064     
   1.9868646444488420     
   11.647819347443786     
   1.3453868340103343     
   4.2812342962753460     
   6.7666130708364420     
   1.3434641003293155     
   6.9091222003985067     
   5.4782311032402458     
   4.4637764131107547     
   14.326797125863237     
   11.926330539677453     
   7.7808225663317065     
   9.3425219505485391     
   4.2493316648869595     
   9.4565080325914010     
   10.245540724039270     
   2.9081002019233120     
   10.463506596181359     
   10.993083846602348     
   4.3046126269320499     
   11.124488400047364     
   2.2025565750699596     
   11.696090623016831     
  0.10965328072196506     
   13.609935221287603     
   14.637441877965017     
   5.8785694885114363     
   1.0412477008186374     
   6.1911699855700553     
   11.336137838323179     
   12.324985425626576     
   14.212505043147543     
   1.7550082555902966     
   10.971081392041887     
   9.8545002147090237     
   13.481751823251541     
   6.3541618024366837     
   11.166898421225250     
   10.818457908297347     
   10.830471816859617     
   9.2500551493464371     
   11.674063730743496     
   9.2603866978761609     
   4.9838075352817297     
   10.698664723269387     
   3.6458263052954165     
   2.5871237936752163     
   3.5057927565997802     
   4.6009952570224177     
   11.424952473771226     
   8.0775561727040905     
   5.3145155661048875     
   4.5038163331471255     
   13.211193022040232     
   9.0430143579342825     
   7.7958047740858154     
   5.4042285205866269     
   9.4833974795959080     
   4.1787506376536543     
   14.586453898186058     
   2.5699916605665121     
   6.0951680832546176     
   6.6363699092506936     
   4.0403312908774138     
   11.084544493565062     
   8.6472020607416322     
   11.953220549509389     
   3.5842967829779857     
   8.7289394147892043     
   11.281694401349796     
  0.87606051116314854     
   7.3464324577314724     
   6.8746657355469258     
   2.2569446731402625     
   12.109178766320095     
   9.7649697745476978     
   2.8147008576687504     
   7.5251179226853360     
   7.7675842702482596     
   12.279534954975322     
   12.021997933019763     
   2.8029122321065092     
   11.655885014699496     
   7.2956331837783965     
   4.2344201641038577     
   4.5229814813383653     
   7.3816634892007853     
   9.7317277063281900     
   6.4656344390958695     
   10.026260614017989     
   13.001713464567219     
   1.9291005635785607     
  0.50212252143027536     
   9.6418856358085332     
   4.5708541951698960     
   7.0734549566586260     
   9.4541365567855919     
  0.45883001179538530     
   3.7589335331231459     
   7.6263752543417018     
   9.9669409763899122     
   6.0250905827173202     
   14.049359575576414     
   11.984605449569102     
   12.714015145088569     
   4.5162198399693825     
   12.326053629613600     
   11.721455230559922     
   5.5743548261067204     
   9.1988713559088744     
   3.1231773093490673     
   4.5042753413261361     
   8.0476371582890440     
   11.234406425641602     
   12.479797549344090     
   3.6146830479396508     
   9.3088575369370048     
   10.874511428335758     
  0.85543201076479725     
  0.34698636719056991     
   6.9637949449806484     
   7.5152291481906186     
   10.889450996357811     
   5.3789531716683028     
   6.1449290063603756     
   10.423190584436149     
   2.7469761361014355     
   5.7313027654322859     
   4.4654215537900219     
  0.61629051935623480     
  0.71175577400875667     
   7.6114860835059268     
   13.834129216884211     
   14.626224585249920     
   8.2492066604312217     
   11.554166891683202     
   1.8539888410229184     
  0.60607538962858432     
   11.434073123406485     
   12.168226004012610     
   11.806306598997816     
   1.9725812989852232     
   2.4084341710116344     
  0.85939665271085619     
   8.8926289779124197     
   14.653119141295331     
  0.49402108543047318     
   13.185006622776852     
   6.1910945733516529     
   2.3425248988719840     
   13.390812330321776     
   12.676693754298196     
   10.853304653175602     
   10.301057687492913     
   12.911228753379724     
   12.938715600164356     
   5.1589192184192783     
   1.8203045141572662     
   12.479456006007348     
   14.192884462582310     
   8.6790164989121461     
   2.8589235095895265     
   7.0954227707918660     
   8.8197510256107119     
   2.4545926386067962     
   13.257175872176639     
   7.8179772595702524     
   2.9543031319344721     
   2.8937966235359762     
   5.2901534708727818     
   1.3138291772852824     
   14.451534821731585     
   3.2467052113112067     
   4.1838499052166629     
   4.3880525730196291     
   10.080582258435104     
   3.0078236597786048     
   6.4127511020149726     
   9.3914101076890351     
  0.78836936616206010     
   5.1517370795109905     
   3.7064148693935834     
   14.485857366230373     
   3.2949055398341041     
   5.8423180221808755     
   2.8310488474535478     
   6.7229913933840209     
   4.6452269672777202     
   6.5033363750443254     
   2.6065733851204405     
  0.14361823535368440     
   14.696631675664129     
   10.737050557165929     
   6.7922642579793298     
   4.3993818768172988     
   4.4706441227927716     
   11.700810940765138     
   11.095725270758900     
   5.9815050982296647     
   12.431573961932218     
   6.3934956808944730     
   11.886896118277001     
  0.54751157258444050     
   10.794927044427478     
   6.8491286653773296     
   9.5004895286808289     
   14.279009837084413     
   7.7035081182639606     
   6.0534446924028167     
   11.934818465496752     
   7.5003615559019652     
   11.093494871305920     
   3.1065793391039502     
   13.439168864220949     
   1.5633575735246013     
   3.6780474406477186     
   1.1882968631478161     
   13.610841450973922     
   1.1198904712115891     
   3.0875754106409694     
   4.6179694485737341     
   13.639950152762832     
   4.5532941286526460     
   12.924347133025460     
   2.0150153832916557     
   2.2938725938577313     
   4.1091539195019031     
   12.793860143176722     
   10.157246005192885     
   8.3790407405302645     
   5.0680599014375556     
   1.3852181842497293     
   11.202244246231791     
   3.5654956765428643     
   12.386572370905030     
   1.7110001376178881     
   4.0933864851707487     
   12.929204087022059     
   12.458995148699287     
   2.3396203630299444     
   4.7365669870663982     
   7.4538602275431973     
   8.4920311772877649E-002
   1.9028982924821043     
   2.8354284233617300     
   4.3153743348858473     
   14.859951750120667     
   6.4876325438161606     
   8.0495740799593065     
   14.032433680265862     
   13.928625214764862     
   8.1451001496159421     
   8.6848771868520984     
   5.5621626269799664     
   1.4587822733293392     
   14.943503537664784     
   9.1058175628497100     
   4.9801407343283959     
   14.224173045295538     
   2.6059068535440253     
   10.453265821663658     
   6.0523587647504513     
   4.5317707546226327     
   6.4112134164105727     
  0.40458882549698089     
   4.1852266746530837     
   11.283673432609584     
   6.6535230181887499     
   2.9684098103245158     
   3.6316984347752967     
   12.988545578321103     
   8.4794002675462590     
   5.4954205678343220     
   10.033509242987705     
   9.5981689550716798     
   11.975928515892541     
   2.0106620129002559     
   13.514182274774914     
   8.6488618136265902     
   13.029832329674068     
   12.478162353949115     
   14.272041834077790     
   1.0757185629863792     
   12.003615014598347     
   6.4714456421084732     
   14.809590101230684     
   5.3256174046661826     
   3.7731129102187815     
   14.239270782869403     
   4.7788308283984886     
   1.8470158594883188     
   4.7822643426893325     
   3.5152338251685644     
   8.3015353928267839     
   6.9213691763524121     
   14.614493784083715     
   10.023523286119627     
   10.266041521026690     
   7.4324072805918862     
  0.39364871424110093     
   3.0638751165656113     
   13.064440894557762     
   8.6033389628268715     
   3.0461735063196094     
   11.246141814938435     
   10.805288943939855     
   3.6185753098522708     
   10.097078751132853     
   6.0847426227412340     
   13.559265271827666     
   1.6450114506835380     
   4.1988667291524013     
   7.5335067087618528     
   12.135874417750392     
   7.6567564129491217     
   5.9513737864820389     
   3.4116119728194993     
   10.880834397431737     
   1.4799925198210333     
   5.1413270254742365     
   4.0345748661332177     
   12.522783045802688     
   14.660014106437096     
  0.82638491410427861     
   5.9828582412572544     
   5.0428396369574298     
   5.5131222471530625     
   7.3302783385508103     
   13.397145277624967     
   12.337214477112907     
   3.5852451559969727     
   8.3368920411287810     
   13.093074738873691     
   2.9404336528702197     
   13.023972645010531     
   11.930415470570239     
  0.23073392870304268     
  0.64522009917983059     
  0.89345920599053286     
   13.535731586093643     
   7.4714195891563326     
   3.3555795101275456     
   5.1032577528921630     
   13.053060676120513     
   7.8423375914601321     
  0.22449653728738328     
   10.045570377617571     
   4.5169545692243682     
   7.6899245465423141     
