   14.621567272913984     
   14.842886615130704     
   3.4428985445173406     
   4.5763955765942308     
   12.905511094915029     
   8.8808484360703233     
   1.0617338661111408     
   10.782020021518052     
   11.996672065568644     
   7.3590794535852240     
   14.618681649204731     
   13.556406531899521     
   7.5782427307969726     
   1.0103691540729152     
   3.2286638458343107     
   9.5208267534587829     
   1.8799081158590716     
   3.6986587560989310     
  0.44707792873226021     
   9.6209996648169263     
   10.880107137524726     
   2.2222406368035124     
   3.4480474555761220     
   14.318071221951229     
   1.6496819885799205     
   8.4793340195759050     
   12.749058160892357     
   5.1986840006447945     
   4.7673536130076295     
   13.101299676100844     
   4.7328330235226970     
   9.0819545564784843     
   6.9454679752461761     
   4.7345107253955270     
   7.6334777190174234     
   2.9022206638935426     
   9.4461867893847433     
   14.892114279735537     
   14.946092007546175     
   12.712085167308162     
   14.807532330663406     
   2.3368061658521651     
   6.8914783138690492     
   6.5365328206763937     
   9.1307234730139761     
   14.963648959773787     
   8.6485823767315679     
   8.1132678365768829     
   5.6761331463073743     
  0.69177721774301570     
   13.897233375717692     
   13.918383498866856     
   3.3921350142519180     
   3.5519545809713442     
   2.7020445758882192     
   9.6869267266774948     
   10.601069153498907     
   6.2634736531948638     
   6.6865133308721818     
   6.8852602065566622     
   10.878706406446874     
   6.0485418749387101     
   5.9985181746338956     
   2.9503014601018760E-002
   4.1101360431053928     
   4.3313627278648132     
  0.18965280715622215     
   7.0921093745112591     
   4.6522032837427325     
   12.038177740050962     
   2.7769851171491649     
   1.0364725769570655     
   7.3669119456567174     
   1.0050902383610978     
   4.7327057010141944     
   6.3140873972218223     
   9.4911704825168925     
   13.454008916434084     
   2.2019920128712895     
   13.992852960471234     
   8.4488672495521264     
   13.499940026123163     
   1.6345545904966274     
   12.625518029671555     
   5.3332562178784153     
   7.2661335712940760     
   9.4930460286059493     
   6.9143101339886144     
   11.662894569234862     
   11.767166893396888     
   10.543536150604302     
   14.018458285584499     
   6.0738938694472919     
   2.1292633579710798     
   1.9684880924044648     
   7.5115353740888295     
   14.521886415302509     
   8.9842249107967636     
   14.908774686874157     
   6.7403429994146329     
   9.9188619708265602     
  0.11408018340764939     
  0.97926174047359926     
   5.6756892494295501     
   7.0430821662302625     
   9.9764320565560691     
   10.657054597994607     
   12.920110663517340     
   12.667224560514160     
   3.7550489219917895     
   1.1426272450409960     
   2.5627891226464690     
   6.3779033763699875     
   5.0777985423335243     
   6.8327378711022337     
   7.4708715157222505     
   11.707252550061710     
   8.4037365052411968     
   8.1816955783346117     
   2.1309724993602073     
   2.3367393897518447     
   7.5827952350209182     
   6.3415289221419462     
   8.7586494893485920     
   5.2264668973461777E-002
   14.038072721912719     
   2.6588566099072959     
   3.0246970149214016     
   7.3826127637505614     
   11.331378235524548     
   7.4387192772656556     
   12.068751288168638     
   8.5940347014199894     
   9.1232308841728997     
   10.645595049259168     
   8.5792569031196582     
   14.156573697703694     
   13.232657176654483     
   11.493309359575710     
   9.8279479691176768     
   13.618338454563922     
   13.379383571286326     
   5.7500044289094667     
   8.6180767609605216     
   14.053535443811182     
   2.4543562010127480     
  0.46300539214942976     
   12.248155580056679     
   6.7655612238074143     
   9.6493597444630925     
   6.4147367988103632     
   11.276192704657063     
   2.0994311354866513     
   13.837208477662744     
   4.6043625925599567     
   4.5072857527760055     
   14.788188298623878     
   1.1980518155905946     
   4.2250317888708286     
   8.3078211380760063     
   4.8855009750054093     
   1.3745820750029709     
   2.4803317442526227     
   5.4436874133134658     
   1.8892916223546130     
   5.8762632308436906     
   11.218365809696888     
   10.641400123680802     
   7.4704611597756321     
   14.878292181429488     
   7.1515292289046615     
   12.390879640352232     
   9.5042975840346156     
  0.21569802781445682     
   11.320978689503564     
   7.7102003847240379     
   8.5807077720199043     
   8.9073211856445553     
   13.923106976580502     
   6.9523859442668332     
   7.4903569297074384     
  0.36715699047575961     
   2.7495072660864532     
   4.8242529066263700     
   10.228570351961261     
   8.4087700782340615     
   10.952207606258794     
   4.6654237453357776     
   3.4725572105296409     
   4.1911389815001181     
   4.0188642086373187     
   2.4375633882413812     
   3.7432469882681239     
   5.3625635003667043     
   7.3036506442342901     
   10.894553193256478     
   4.5371146227378594     
   12.686934857881434     
   13.883999737393811     
   2.4420720101474260     
   8.6482117798498130     
   11.467869003766328     
   2.3221654539568490     
   3.1834204483878055     
   7.0916621811739589     
   6.7842040436370077     
   6.0727807813972516     
   9.2691082795142474     
   5.6862073509825439     
   14.904166444361424     
   6.5756653958082190     
   10.693561322730419     
  0.84897764257384600     
   3.4474349909830200     
   2.8611294770662989     
   2.3143719101365412     
   9.2880179297490280     
   10.543342785735428     
   2.7645827149279425     
  0.86506111522661588     
   8.0920625640403987     
   3.3092601171113531     
   6.1660094538581243     
   11.073492214431823     
   1.7822162639464068     
   7.6188742241066638     
   10.191192571097940     
   4.4796624304873207     
   13.848449544335597     
   14.241189892465142     
   14.924196525162698     
   8.7435379117769436     
   3.9191885532086630     
   9.2275352003649687     
   8.2464852267608499     
   6.9610850584387309     
   11.119268507816617     
   13.919100603981493     
   2.7220966487578839     
   9.2543640480000295     
   9.8756256350877010     
   13.359817224396073     
   12.888094906148822     
   11.554490995093962     
   11.707189457007546     
   12.311355285863558     
   4.7962174171557068     
   6.5663143590999740     
   3.0602919269941884     
   2.7069136246392209     
   1.3839788656641332     
   3.5261729976242879     
   2.7678007919051661     
   8.2771259408114943     
   7.8319196032231533     
   8.6107991452358643     
   13.356568191732450     
   9.6265605524420419     
   2.6201466823646449     
   12.238978631730051     
   7.3351262928258665     
   9.7337875779789691     
   5.9230838842643374     
   9.9481515087178565     
   6.1665272463140957     
   8.4563421706918938     
   8.6977857586143905     
   3.3082897963275983     
   2.2860545502577447     
   13.407837460413019     
   10.468428315759660     
   5.3825916241953307     
   8.8919139295089433     
   11.515914513478874     
   13.623025532055555     
   3.2261125763484939     
   8.8186983391542526     
   2.3076192259659147     
   3.9614389938324894     
   1.3315251654532227     
   12.640420230195348     
  0.38410268169145734     
   9.2972996718962371     
   13.846270170316435     
   14.996745423726516     
   9.8266662863134204     
   3.9213692196991281     
   8.5335960129291024     
   2.0383790772230359     
  0.52646120016024289     
   4.0287093936917762     
   2.7973054730690929     
   14.759024684656712     
   2.4427107888999791     
   12.036543461307545     
   9.6161967116363929     
   3.5244299526186009     
   2.7221143621414501     
   13.944340827649034     
   3.8095003536023109     
   3.2475925170826292     
   3.5855497746466773     
   9.6395136034142563     
   9.4122677392856424     
   2.9305811644356923     
   1.7233617503261514     
   9.6959063948376460     
   10.054447221004322     
   6.4129923927081167     
   3.1342924591024519     
   5.9467038906831551     
   8.2896313477516550     
   8.8614840099920258     
   6.0533769933783406     
   4.3178547642838527     
   11.308446593950384     
   7.1174765877452817     
   10.831055870050063     
   14.888320293223654     
   3.9355690378567405     
   14.455514139857769     
   2.2389266294373127     
   2.4522208409141633     
   12.542174919871934     
   11.827998692840644     
  0.91087550140883122     
   12.413329548208353     
   5.3268282297366056     
   5.6497916977204197     
   7.7164873058250834     
   2.1377103406423958     
   13.497186740207637     
   10.433123838656982     
   12.112405366401413     
   10.630525124027750     
   9.1596114972809612     
   11.075674393647704     
   12.000931474318209     
   11.841011359232926     
   9.2148716811740847     
   11.778044021868803     
  0.99398237739818385     
   14.674053248500501     
   5.4561454486449827     
   13.710118608502631     
   3.0571768700353910     
   11.437271209364182     
   10.042068562812755     
   13.953333190156025     
   9.9894533101131398     
   7.9780509755961440     
   12.450466911880669     
   8.4479945488725914     
   5.9988622466206163     
   8.9475805223507248     
   3.9081851457233578     
   9.3296814284458893     
   14.279955928295784     
   5.3791366640645348     
   8.6448664931496157     
   5.2736596162859684     
   9.4087065532266099     
   11.468411405842405     
   4.5254231320877150     
   5.7452433244687819     
   4.3247292433298341     
   9.9724626690092961     
   7.4277875466655452     
   9.2611261644711362     
   13.726363190814695     
   5.7696974423501164     
   3.6405665603052362     
   10.334319265800598     
   10.062087169260581     
   11.161554462251264     
   12.027796779050266     
   9.1932274281074999     
   13.243984695068482     
   9.8038006255397683     
   11.061251406588877     
   9.9618274014699857     
   12.916444938901686     
   4.7567762623780103     
   4.8691376357839165     
   13.653210744203939     
   3.5079019752935854     
   4.3050211519927162     
  0.89180030602800020     
   13.595020178095686     
   4.5761376299045278     
   8.2201576938224328     
  0.36673314317349448     
   5.0532669171632580     
   10.663895081041639     
   9.2997795295806398     
   10.483850939211267     
  0.98462672269401663     
   1.8284238890366129     
   8.4178744478163523     
   13.537225108801255     
   11.787542716054942     
   12.744894139825856     
  0.76521744711438544     
   8.9409038787579416     
   3.2284478116975244     
   3.2781740242340720     
   9.3844195702329216     
   8.2107728321115392     
   13.248079416098879     
   4.6077739689505011     
  0.96063864244262087     
   3.4445910127731509     
   7.9701390865602280     
   6.8977195969789609     
   5.5618078131517583     
   4.6780369469550518     
   5.9587493168752008     
   12.310050650854734     
   2.9190418882158173     
   10.536745765916757     
   10.417441699128814     
   6.5846706853158512     
   4.9123957702689180     
   3.8069154199267206     
   3.1731743605869802     
   8.8076682201150494     
   12.290865402726277     
   2.5776753743815735     
   11.950939939822449     
   8.9999560470088653     
   1.8478766942801081     
   7.2432385632836684     
   11.508104484867491     
   12.211713971569319     
   6.0844097730899094     
   10.174498128888187     
   2.5320976335593617     
   3.9977691441419623     
   4.3660803975238469     
   4.9880214893085251     
   5.9131563334648956     
   8.9157689555903250     
   3.9296921094756234     
   6.8025890543633096     
   5.0137244714399021     
   13.059293741756962     
   10.075887528941363     
   7.3405792184700411     
   5.4811269611295446     
   7.0175121219551562     
   3.9678678679253414     
   2.9242205210797256     
   13.594349583578083     
   1.6279135884216398     
   13.657263083734758     
   12.820481898888813     
   6.6167197564792186     
   12.095693555007269     
   3.7764715970193139     
   6.0661353294729379     
   4.4151588498406280     
   9.0269931337702527     
   12.308380509730355     
   6.0786685721261096     
   8.6850350581904863     
   7.2188912845021136     
   10.801873333007530     
   4.3690420886697856     
   2.3948694917819937     
   5.2270740122153754     
   9.3386089858717263     
   11.766706410221474     
   1.5136310116635554     
   12.447854367585743     
   14.540912300612442     
   12.155313571668833     
   8.3508660736343003     
   12.670202915176956     
   13.288451324563654     
   5.1562476155165502     
   6.3101615364335224     
   2.9159781189071388     
   14.477122549487094     
  0.33623609054028708     
   13.469859693871234     
   9.1691413418221526     
   9.0898377450785386     
   14.782628047595832     
   10.132650440326918     
   4.5137002500813486     
   9.8700751034745675     
   14.747618440762013     
   2.8357061697098862     
   8.2701215406512976     
   10.160938464001722     
   9.4310540935081466     
   10.733846473331351     
   9.3631266933113313     
   8.9860182145762124     
   8.7996365921157373     
   5.1834740259480236     
   10.962343165349479     
   12.271609745660450     
   9.1913230546048066     
   11.497177798542998     
   2.2629661385062279     
   14.832086742862261     
   6.9148008877014657     
   3.9002936628253044     
   6.7646630749820407     
   3.5827929859695749     
   5.4390722408117727     
   4.6752806753846254     
   8.2498854793426410     
   11.531950182691988     
   10.814559234535176     
   5.1237078551631496     
   3.0930180072099618     
   5.9377014056484674     
   5.2337533478768243     
   3.2008503422119983     
   14.713582549507944     
   8.8476084529186085     
   14.055687758335997     
   2.0703971537536559     
   13.148438491230081     
   5.1859437809682749     
   6.3495901313958401     
   14.924936395366435     
   6.9551164466433830     
   6.0664188335300517     
   7.9783048988944536     
   2.2939819779631407     
   5.3814059910637511     
   6.0889274625205303     
   7.1294072435513733     
   6.7683842880586456     
   8.7732208830294702     
   12.203267781233844     
   11.372862087525904     
   14.948652638226227     
   4.9632592755087632     
   1.9918999286697405     
   9.7607271586502975     
   5.1831053761290367     
   10.585146349076302     
   2.2107746765069778     
   11.534032896414562     
   3.2999424265308317     
   6.3200602575042177     
   13.231933888601949     
   14.400073642140164     
   1.8130615511767045     
   12.668123723255038     
   10.285064364940192     
   1.2985717937632315     
   5.6552461181196341     
   8.5315451155652173     
   8.6725208948347543     
   14.992712195734347     
   14.673559614653735     
   10.817231579292830     
   9.3620325717972257     
   13.672906529105463     
   9.5660983120830014     
   6.0047027727377289     
  0.28236917295833097     
   3.0002065179951654     
   10.132720827354056     
   2.9291235544804883     
   5.7856203559065031     
   10.388338696678145     
   5.4229739373584831     
   12.609623055485079     
  0.85799895325998565     
   7.6177193767021407     
   1.5384564062702797     
   12.575853315227665     
   2.1914087487993958     
   12.950395639100215     
   3.1905258336361539     
   8.5710534055847081     
   14.812397589571242     
   1.1649749642104577     
   8.2225768720513930     
   8.0747018708640113     
   9.7783234539940533     
   3.3367122111714371     
   6.0769552122443091     
   14.376737420901939     
   2.9297732151766738     
   9.7976771144483941     
   14.447663152944800     
   13.979067143696644     
   6.3794344706622894     
   5.0865163090898466     
   14.716518173717756     
   11.584735204293555     
   12.052592338604660     
   1.5114762459983409     
