           1 -0.30469976671697985     
           2 -0.30469976764545531     
           3 -0.30469976895545053     
           4 -0.30469977064592690     
           5 -0.30469977271552134     
           6 -0.30469977516253965     
           7 -0.30469977798493830     
           8 -0.30469978118032448     
           9 -0.30469978474592191     
          10 -0.30469978867856240     
          11 -0.30469979297466454     
          12 -0.30469979763020483     
          13 -0.30469980264068897     
          14 -0.30469980800113078     
          15 -0.30469981370601529     
          16 -0.30469981974926696     
          17 -0.30469982612420676     
          18 -0.30469983282352087     
          19 -0.30469983983921656     
          20 -0.30469984716258064     
          21 -0.30469985478412226     
          22 -0.30469986269354282     
          23 -0.30469987087967271     
          24 -0.30469987933042136     
          25 -0.30469988803272524     
          26 -0.30469989697249250     
          27 -0.30469990613454401     
          28 -0.30469991550255549     
          29 -0.30469992505899662     
          30 -0.30469993478507734     
          31 -0.30469994466067929     
          32 -0.30469995466430094     
          33 -0.30469996477299771     
          34 -0.30469997496232443     
          35 -0.30469998520627700     
          36 -0.30469999547723547     
          37 -0.30470000574592621     
          38 -0.30470001598135876     
          39 -0.30470002615079428     
          40 -0.30470003621970237     
          41 -0.30470004615428764     
          42 -0.30470005591109961     
          43 -0.30470006545282402     
          44 -0.30470007476590211     
          45 -0.30470008377369689     
          46 -0.30470009246476043     
          47 -0.30470010079897741     
          48 -0.30470010862951741     
          49 -0.30470011601627484     
          50 -0.30470012280349107     
          51 -0.30470012900736854     
          52 -0.30470013453316286     
          53 -0.30470013936078616     
          54 -0.30470014344536522     
          55 -0.30470014667594569     
          56 -0.30470014900240006     
          57 -0.30470015047869187     
          58 -0.30470015085527069     
          59 -0.30470015021121372     
          60 -0.30470014847940091     
          61 -0.30470014559363101     
          62 -0.30470014139685619     
          63 -0.30470013588526240     
          64 -0.30470012909462496     
          65 -0.30470012092438625     
          66 -0.30470011130536678     
          67 -0.30470010021938637     
          68 -0.30470008763372713     
          69 -0.30470007349522243     
          70 -0.30470005791105953     
          71 -0.30470004063420714     
          72 -0.30470002179858863     
          73 -0.30470000136548037     
          74 -0.30469997935332899     
          75 -0.30469995577298176     
          76 -0.30469993064008327     
          77 -0.30469990398670388     
          78 -0.30469987586048947     
          79 -0.30469984626347962     
          80 -0.30469981533589741     
          81 -0.30469978305258394     
          82 -0.30469974961929275     
          83 -0.30469971501428178     
          84 -0.30469967937572540     
          85 -0.30469964285670076     
          86 -0.30469960550837327     
          87 -0.30469956745732912     
          88 -0.30469952885561685     
          89 -0.30469948987564793     
          90 -0.30469945068408549     
          91 -0.30469941140155071     
          92 -0.30469937213172654     
          93 -0.30469933314678532     
          94 -0.30469929450620559     
          95 -0.30469925637942091     
          96 -0.30469921891153895     
          97 -0.30469918236643867     
          98 -0.30469914682481991     
          99 -0.30469911248348763     
         100 -0.30469907941472724     
         101 -0.30469904780616580     
         102 -0.30469901778336311     
         103 -0.30469898941979529     
         104 -0.30469896287094839     
         105 -0.30469893823159760     
         106 -0.30469891555305090     
         107 -0.30469889495970492     
         108 -0.30469887656597200     
         109 -0.30469886033609717     
         110 -0.30469884636556394     
         111 -0.30469883467107889     
         112 -0.30469882521033270     
         113 -0.30469881809174232     
         114 -0.30469881327369652     
         115 -0.30469881066936966     
         116 -0.30469881030814427     
         117 -0.30469881218354666     
         118 -0.30469881619714817     
         119 -0.30469882232260637     
         120 -0.30469883047112961     
         121 -0.30469884057281765     
         122 -0.30469885254397477     
         123 -0.30469886631659432     
         124 -0.30469888181741567     
         125 -0.30469889892211643     
         126 -0.30469891753099954     
         127 -0.30469893758179928     
         128 -0.30469895889182796     
         129 -0.30469898144106466     
         130 -0.30469900514469317     
         131 -0.30469902988822639     
         132 -0.30469905548513426     
         133 -0.30469908193186779     
         134 -0.30469910908659786     
         135 -0.30469913685576860     
         136 -0.30469916510824940     
         137 -0.30469919378758070     
         138 -0.30469922280541140     
         139 -0.30469925203290721     
         140 -0.30469928142741687     
         141 -0.30469931089957553     
         142 -0.30469934038050517     
         143 -0.30469936977947737     
         144 -0.30469939904256660     
         145 -0.30469942808111589     
         146 -0.30469945684398964     
         147 -0.30469948523380119     
         148 -0.30469951322283806     
         149 -0.30469954076359862     
         150 -0.30469956781641228     
         151 -0.30469959432095595     
         152 -0.30469962025244263     
         153 -0.30469964556119367     
         154 -0.30469967020306116     
         155 -0.30469969414541515     
         156 -0.30469971735538104     
         157 -0.30469973980410864     
         158 -0.30469976148417854     
         159 -0.30469978236203205     
         160 -0.30469980242814171     
         161 -0.30469982163898096     
         162 -0.30469984000410999     
         163 -0.30469985754675588     
         164 -0.30469987421698624     
         165 -0.30469988999109709     
         166 -0.30469990488150539     
         167 -0.30469991890832337     
         168 -0.30469993202313544     
         169 -0.30469994425278457     
         170 -0.30469995560704166     
         171 -0.30469996605582905     
         172 -0.30469997564681101     
         173 -0.30469998437224743     
         174 -0.30469999222166450     
         175 -0.30469999923574126     
         176 -0.30470000536319586     
         177 -0.30470001065280117     
         178 -0.30470001514801531     
         179 -0.30470001882482856     
         180 -0.30470002168447163     
         181 -0.30470002375983668     
         182 -0.30470002508031047     
         183 -0.30470002567039234     
         184 -0.30470002554829878     
         185 -0.30470002467164659     
         186 -0.30470002313328315     
         187 -0.30470002091791154     
         188 -0.30470001807216679     
         189 -0.30470001457478896     
         190 -0.30470001050558676     
         191 -0.30470000587532292     
         192 -0.30470000070723063     
         193 -0.30469999501174055     
         194 -0.30469998882475885     
         195 -0.30469998216246907     
         196 -0.30469997503914620     
         197 -0.30469996750764622     
         198 -0.30469995961147078     
         199 -0.30469995133732702     
         200 -0.30469994272452688     
         201 -0.30469993377026811     
         202 -0.30469992453424943     
         203 -0.30469991499168925     
         204 -0.30469990520423723     
         205 -0.30469989515470891     
         206 -0.30469988491323041     
         207 -0.30469987446391916     
         208 -0.30469986376586738     
         209 -0.30469985293638524     
         210 -0.30469984198929634     
         211 -0.30469983087423663     
         212 -0.30469981967657123     
         213 -0.30469980836468680     
         214 -0.30469979699027544     
         215 -0.30469978553822236     
         216 -0.30469977406306997     
         217 -0.30469976253021913     
         218 -0.30469975103265479     
         219 -0.30469973953927887     
         220 -0.30469972813355883     
         221 -0.30469971674952612     
         222 -0.30469970547302566     
         223 -0.30469969432847088     
         224 -0.30469968331473291     
         225 -0.30469967247593321     
         226 -0.30469966186780234     
         227 -0.30469965148602568     
         228 -0.30469964136970790     
         229 -0.30469963158540331     
         230 -0.30469962214403806     
         231 -0.30469961309942450     
         232 -0.30469960448044253     
         233 -0.30469959626447179     
         234 -0.30469958859055557     
         235 -0.30469958141338177     
         236 -0.30469957482180132     
         237 -0.30469956878955223     
         238 -0.30469956334794851     
         239 -0.30469955858979630     
         240 -0.30469955443196989     
         241 -0.30469955094352963     
         242 -0.30469954813251171     
         243 -0.30469954599605681     
         244 -0.30469954451157411     
         245 -0.30469954370586499     
         246 -0.30469954356605572     
         247 -0.30469954409933087     
         248 -0.30469954526801668     
         249 -0.30469954705592134     
         250 -0.30469954942853844     
         251 -0.30469955231560403     
         252 -0.30469955574255941     
         253 -0.30469955966805951     
         254 -0.30469956400718540     
         255 -0.30469956878713866     
         256 -0.30469957398769071     
         257 -0.30469957950306736     
         258 -0.30469958531099040     
         259 -0.30469959138223096     
         260 -0.30469959764265864     
         261 -0.30469960407185120     
         262 -0.30469961061898676     
         263 -0.30469961725695177     
         264 -0.30469962393969119     
         265 -0.30469963065496214     
         266 -0.30469963735287764     
         267 -0.30469964399406879     
         268 -0.30469965052108916     
         269 -0.30469965694867401     
         270 -0.30469966322297265     
         271 -0.30469966932815262     
         272 -0.30469967521631403     
         273 -0.30469968090295085     
         274 -0.30469968638186923     
         275 -0.30469969164294713     
         276 -0.30469969660042373     
         277 -0.30469970124733725     
         278 -0.30469970557925907     
         279 -0.30469970960256143     
         280 -0.30469971325753820     
         281 -0.30469971660054662     
         282 -0.30469971962998094     
         283 -0.30469972226074515     
         284 -0.30469972452922456     
         285 -0.30469972644687571     
         286 -0.30469972798457529     
         287 -0.30469972914315707     
         288 -0.30469972990074257     
         289 -0.30469973029940517     
         290 -0.30469973036214415     
         291 -0.30469973001031064     
         292 -0.30469972932094808     
         293 -0.30469972827577052     
         294 -0.30469972687072600     
         295 -0.30469972512187982     
         296 -0.30469972304583615     
         297 -0.30469972064587736     
         298 -0.30469971792030254     
         299 -0.30469971490682041     
         300 -0.30469971161459131     
         301 -0.30469970801978069     
         302 -0.30469970416261544     
         303 -0.30469970007990543     
         304 -0.30469969576511008     
         305 -0.30469969124100516     
         306 -0.30469968652153012     
         307 -0.30469968162995270     
         308 -0.30469967659568037     
         309 -0.30469967141096926     
         310 -0.30469966607941440     
         311 -0.30469966064310566     
         312 -0.30469965514192582     
         313 -0.30469964959620510     
         314 -0.30469964400480420     
         315 -0.30469963838126829     
         316 -0.30469963275553036     
         317 -0.30469962714621401     
         318 -0.30469962158982772     
         319 -0.30469961609055113     
         320 -0.30469961065338530     
         321 -0.30469960532978230     
         322 -0.30469960012952396     
         323 -0.30469959505540201     
         324 -0.30469959016858489     
         325 -0.30469958547504750     
         326 -0.30469958094799393     
         327 -0.30469957667191322     
         328 -0.30469957263905895     
         329 -0.30469956886159794     
         330 -0.30469956535101445     
         331 -0.30469956216246674     
         332 -0.30469955929237008     
         333 -0.30469955674993815     
         334 -0.30469955454375108     
         335 -0.30469955271174420     
         336 -0.30469955126079168     
         337 -0.30469955019093298     
         338 -0.30469954952146111     
         339 -0.30469954924043918     
         340 -0.30469954936809729     
         341 -0.30469954992437803     
         342 -0.30469955090185247     
         343 -0.30469955230030515     
         344 -0.30469955410788635     
         345 -0.30469955631528706     
         346 -0.30469955896697593     
         347 -0.30469956199431103     
         348 -0.30469956542092175     
         349 -0.30469956925110298     
         350 -0.30469957341027043     
         351 -0.30469957793649666     
         352 -0.30469958279437731     
         353 -0.30469958795159668     
         354 -0.30469959339123504     
         355 -0.30469959910367467     
         356 -0.30469960505052168     
         357 -0.30469961129214201     
         358 -0.30469961766045034     
         359 -0.30469962417779112     
         360 -0.30469963082649359     
         361 -0.30469963758587060     
         362 -0.30469964441164932     
         363 -0.30469965130297660     
         364 -0.30469965820790962     
         365 -0.30469966503874235     
         366 -0.30469967189756336     
         367 -0.30469967873869724     
         368 -0.30469968546853909     
         369 -0.30469969208987846     
         370 -0.30469969860374285     
         371 -0.30469970497212956     
         372 -0.30469971118550104     
         373 -0.30469971726572109     
         374 -0.30469972313751609     
         375 -0.30469972881436208     
         376 -0.30469973429814839     
         377 -0.30469973957640106     
         378 -0.30469974463961097     
         379 -0.30469974947539513     
         380 -0.30469975414613637     
         381 -0.30469975857797643     
         382 -0.30469976283026773     
         383 -0.30469976690331890     
         384 -0.30469977077362786     
         385 -0.30469977448085744     
         386 -0.30469977801708409     
         387 -0.30469978138381870     
         388 -0.30469978458528019     
         389 -0.30469978763645283     
         390 -0.30469979055605784     
         391 -0.30469979336054842     
         392 -0.30469979601544428     
         393 -0.30469979850430295     
         394 -0.30469980088832460     
         395 -0.30469980317287143     
         396 -0.30469980533625785     
         397 -0.30469980738566999     
         398 -0.30469980930458673     
         399 -0.30469981109004873     
         400 -0.30469981279714436     
         401 -0.30469981434282506     
         402 -0.30469981576910865     
         403 -0.30469981705539501     
         404 -0.30469981818957859     
         405 -0.30469981916726546     
         406 -0.30469982000269996     
         407 -0.30469982065351570     
         408 -0.30469982113127586     
         409 -0.30469982146361840     
         410 -0.30469982161665171     
         411 -0.30469982159688108     
         412 -0.30469982140335244     
         413 -0.30469982101300125     
         414 -0.30469982044968352     
         415 -0.30469981970965021     
         416 -0.30469981879873348     
         417 -0.30469981770846555     
         418 -0.30469981647662842     
         419 -0.30469981509391630     
         420 -0.30469981357284487     
         421 -0.30469981191895157     
         422 -0.30469981016354480     
         423 -0.30469980832344895     
         424 -0.30469980632240684     
         425 -0.30469980434101662     
         426 -0.30469980229862048     
         427 -0.30469980023834553     
         428 -0.30469979811384845     
         429 -0.30469979596330060     
         430 -0.30469979379325157     
         431 -0.30469979163865035     
         432 -0.30469978944833048     
         433 -0.30469978724044583     
         434 -0.30469978501960054     
         435 -0.30469978275542597     
         436 -0.30469978044534701     
         437 -0.30469977807789672     
         438 -0.30469977563911432     
         439 -0.30469977309069635     
         440 -0.30469977042709845     
         441 -0.30469976761614842     
         442 -0.30469976464236065     
         443 -0.30469976148016603     
         444 -0.30469975818735823     
         445 -0.30469975460461973     
         446 -0.30469975078455319     
         447 -0.30469974673818057     
         448 -0.30469974242965164     
         449 -0.30469973793251159     
         450 -0.30469973318862470     
         451 -0.30469972828324560     
         452 -0.30469972320294353     
         453 -0.30469971797083595     
         454 -0.30469971266332113     
         455 -0.30469970730675316     
         456 -0.30469970195934021     
         457 -0.30469969663253693     
         458 -0.30469969150632770     
         459 -0.30469968651550050     
         460 -0.30469968172790007     
         461 -0.30469967725361152     
         462 -0.30469967311617985     
         463 -0.30469966936454085     
         464 -0.30469966604226972     
         465 -0.30469966318238362     
         466 -0.30469966081499400     
         467 -0.30469965897453855     
         468 -0.30469965765760504     
         469 -0.30469965686945322     
         470 -0.30469965662170340     
         471 -0.30469965689092476     
         472 -0.30469965763744006     
         473 -0.30469965888355266     
         474 -0.30469966056368303     
         475 -0.30469966268642473     
         476 -0.30469966520098218     
         477 -0.30469966810220173     
         478 -0.30469967132614839     
         479 -0.30469967489487276     
         480 -0.30469967874467624     
         481 -0.30469968286171056     
         482 -0.30469968722040403     
         483 -0.30469969188233481     
         484 -0.30469969680943809     
         485 -0.30469970191989981     
         486 -0.30469970732874541     
         487 -0.30469971301004645     
         488 -0.30469971891221381     
         489 -0.30469972514711452     
         490 -0.30469973168289094     
         491 -0.30469973853359700     
         492 -0.30469974570870134     
         493 -0.30469975322733267     
         494 -0.30469976109340463     
         495 -0.30469976931534676     
         496 -0.30469977791851360     
         497 -0.30469978690128680     
         498 -0.30469979626047733     
         499 -0.30469980598130370     
         500 -0.30469981604362895     
         501 -0.30469982644296767     
         502 -0.30469983713965593     
         503 -0.30469984810550332     
         504 -0.30469985928123283     
         505 -0.30469987063941339     
         506 -0.30469988212048610     
         507 -0.30469989365506250     
         508 -0.30469990520608081     
         509 -0.30469991666928903     
         510 -0.30469992802042356     
         511 -0.30469993915052174     
         512 -0.30469995002447386     
         513 -0.30469996052247827     
         514 -0.30469997059143539     
         515 -0.30469998014559224     
         516 -0.30469998915356916     
         517 -0.30469999752936244     
         518 -0.30470000521310109     
         519 -0.30470001218541043     
         520 -0.30470001839586891     
         521 -0.30470002377943328     
         522 -0.30470002832316773     
         523 -0.30470003210819296     
         524 -0.30470003503008602     
         525 -0.30470003716804767     
         526 -0.30470003848916494     
         527 -0.30470003907460452     
         528 -0.30470003897080522     
         529 -0.30470003821432179     
         530 -0.30470003688785963     
         531 -0.30470003505715426     
         532 -0.30470003275019586     
         533 -0.30470003014604652     
         534 -0.30470002723563616     
         535 -0.30470002411306152     
         536 -0.30470002087912335     
         537 -0.30470001757278631     
         538 -0.30470001432444388     
         539 -0.30470001118834988     
         540 -0.30470000816515702     
         541 -0.30470000526895713     
         542 -0.30470000262574365     
         543 -0.30470000028277194     
         544 -0.30469999813836501     
         545 -0.30469999625355848     
         546 -0.30469999459548042     
         547 -0.30469999313868990     
         548 -0.30469999197803638     
         549 -0.30469999101355089     
         550 -0.30469999014397303     
         551 -0.30469998939594894     
         552 -0.30469998867271958     
         553 -0.30469998794427267     
         554 -0.30469998720391950     
         555 -0.30469998636490708     
         556 -0.30469998539868065     
         557 -0.30469998425679523     
         558 -0.30469998290490802     
         559 -0.30469998130233028     
         560 -0.30469997942123106     
         561 -0.30469997723120862     
         562 -0.30469997473097110     
         563 -0.30469997192687276     
         564 -0.30469996876835437     
         565 -0.30469996530787880     
         566 -0.30469996152881029     
         567 -0.30469995746579598     
         568 -0.30469995306487474     
         569 -0.30469994843093567     
         570 -0.30469994354040142     
         571 -0.30469993845514215     
         572 -0.30469993317119137     
         573 -0.30469992774413157     
         574 -0.30469992216625680     
         575 -0.30469991647407674     
         576 -0.30469991073747349     
         577 -0.30469990494087362     
         578 -0.30469989910298084     
         579 -0.30469989326264807     
         580 -0.30469988743737908     
         581 -0.30469988162451500     
         582 -0.30469987594629017     
         583 -0.30469987029455925     
         584 -0.30469986475035860     
         585 -0.30469985931506416     
         586 -0.30469985397442212     
         587 -0.30469984876679340     
         588 -0.30469984376289622     
         589 -0.30469983895172836     
         590 -0.30469983433202347     
         591 -0.30469982994498696     
         592 -0.30469982579319788     
         593 -0.30469982190799960     
         594 -0.30469981830325138     
         595 -0.30469981505760546     
         596 -0.30469981219153330     
         597 -0.30469980967381921     
         598 -0.30469980759399790     
         599 -0.30469980595864399     
         600 -0.30469980479345016     
         601 -0.30469980416540199     
         602 -0.30469980409311553     
         603 -0.30469980457479923     
         604 -0.30469980562925641     
         605 -0.30469980735291963     
         606 -0.30469980972197369     
         607 -0.30469981275811281     
         608 -0.30469981647868299     
         609 -0.30469982088204378     
         610 -0.30469982597868051     
         611 -0.30469983175175824     
         612 -0.30469983816843971     
         613 -0.30469984516963533     
         614 -0.30469985279544987     
         615 -0.30469986094875823     
         616 -0.30469986954374489     
         617 -0.30469987862602971     
         618 -0.30469988811760029     
         619 -0.30469989791498031     
         620 -0.30469990790577411     
         621 -0.30469991802196189     
         622 -0.30469992818681763     
         623 -0.30469993830407427     
         624 -0.30469994826640168     
         625 -0.30469995797574190     
         626 -0.30469996736451471     
         627 -0.30469997635871221     
         628 -0.30469998481208049     
         629 -0.30469999270433495     
         630 -0.30469999995510744     
         631 -0.30470000655859425     
         632 -0.30470001240531164     
         633 -0.30470001747213643     
         634 -0.30470002183122397     
         635 -0.30470002537980179     
         636 -0.30470002819132580     
         637 -0.30470003027393960     
         638 -0.30470003164270404     
         639 -0.30470003238742871     
         640 -0.30470003253879280     
         641 -0.30470003221837949     
         642 -0.30470003148385566     
         643 -0.30470003042806115     
         644 -0.30470002918344041     
         645 -0.30470002781395444     
         646 -0.30470002641895166     
         647 -0.30470002516513922     
         648 -0.30470002413169850     
         649 -0.30470002342829655     
         650 -0.30470002312700134     
         651 -0.30470002329857732     
         652 -0.30470002403780538     
         653 -0.30470002540459412     
         654 -0.30470002746670372     
         655 -0.30470003025613362     
         656 -0.30470003372260163     
         657 -0.30470003794029471     
         658 -0.30470004285881519     
         659 -0.30470004847474885     
         660 -0.30470005474952394     
         661 -0.30470006153041157     
         662 -0.30470006874385819     
         663 -0.30470007638522761     
         664 -0.30470008433028539     
         665 -0.30470009244445656     
         666 -0.30470010062735231     
         667 -0.30470010882141063     
         668 -0.30470011679795705     
         669 -0.30470012451335721     
         670 -0.30470013183631978     
         671 -0.30470013865444995     
         672 -0.30470014485555408     
         673 -0.30470015034705511     
         674 -0.30470015506260523     
         675 -0.30470015887440921     
         676 -0.30470016177005843     
         677 -0.30470016375480724     
         678 -0.30470016465620781     
         679 -0.30470016451845616     
         680 -0.30470016334382083     
         681 -0.30470016115439968     
         682 -0.30470015789501387     
         683 -0.30470015364730635     
         684 -0.30470014841493942     
         685 -0.30470014231401688     
         686 -0.30470013536890078     
         687 -0.30470012769372801     
         688 -0.30470011928716784     
         689 -0.30470011031912703     
         690 -0.30470010083007204     
         691 -0.30470009093651762     
         692 -0.30470008069463306     
         693 -0.30470007028365281     
         694 -0.30470005974271330     
         695 -0.30470004922449656     
         696 -0.30470003878902502     
         697 -0.30470002856488171     
         698 -0.30470001859457968     
         699 -0.30470000899690325     
         700 -0.30469999982743268     
         701 -0.30469999119014901     
         702 -0.30469998314741958     
         703 -0.30469997579378127     
         704 -0.30469996910596325     
         705 -0.30469996319960940     
         706 -0.30469995808623529     
         707 -0.30469995379379533     
         708 -0.30469995035975550     
         709 -0.30469994778658632     
         710 -0.30469994609430956     
         711 -0.30469994529434191     
         712 -0.30469994535011685     
         713 -0.30469994626863406     
         714 -0.30469994801002198     
         715 -0.30469995058892718     
         716 -0.30469995389238025     
         717 -0.30469995797882066     
         718 -0.30469996278606665     
         719 -0.30469996823847473     
         720 -0.30469997430175805     
         721 -0.30469998094439110     
         722 -0.30469998810842236     
         723 -0.30469999572500406     
         724 -0.30470000373110073     
         725 -0.30470001209297853     
         726 -0.30470002074595809     
         727 -0.30470002964219978     
         728 -0.30470003866136758     
         729 -0.30470004780097282     
         730 -0.30470005697408037     
         731 -0.30470006609910882     
         732 -0.30470007514163344     
         733 -0.30470008400792714     
         734 -0.30470009262756947     
         735 -0.30470010102250566     
         736 -0.30470010908560097     
         737 -0.30470011674377423     
         738 -0.30470012392757162     
         739 -0.30470013062428614     
         740 -0.30470013677255720     
         741 -0.30470014232311771     
         742 -0.30470014720130617     
         743 -0.30470015138847356     
         744 -0.30470015480517210     
         745 -0.30470015747229157     
         746 -0.30470015932511701     
         747 -0.30470016036846137     
         748 -0.30470016055863425     
         749 -0.30470015992360489     
         750 -0.30470015839269687     
         751 -0.30470015604041462     
         752 -0.30470015282386925     
         753 -0.30470014875426660     
         754 -0.30470014391739086     
         755 -0.30470013832962611     
         756 -0.30470013201635682     
         757 -0.30470012511977673     
         758 -0.30470011755653542     
         759 -0.30470010947355436     
         760 -0.30470010098082573     
         761 -0.30470009208345344     
         762 -0.30470008288667777     
         763 -0.30470007360507090     
         764 -0.30470006422730161     
         765 -0.30470005494774505     
         766 -0.30470004576402343     
         767 -0.30470003681933522     
         768 -0.30470002814829183     
         769 -0.30470001995143048     
         770 -0.30470001228715549     
         771 -0.30470000523587826     
         772 -0.30469999885799981     
         773 -0.30469999318732427     
         774 -0.30469998836090961     
         775 -0.30469998441344343     
         776 -0.30469998128927539     
         777 -0.30469997908504010     
         778 -0.30469997778279229     
         779 -0.30469997739052862     
         780 -0.30469997788849457     
         781 -0.30469997922224412     
         782 -0.30469998131208609     
         783 -0.30469998425711897     
         784 -0.30469998795157199     
         785 -0.30469999230552114     
         786 -0.30469999723127911     
         787 -0.30470000264848524     
         788 -0.30470000853680368     
         789 -0.30470001479316861     
         790 -0.30470002129064599     
         791 -0.30470002801097884     
         792 -0.30470003487041852     
         793 -0.30470004182998489     
         794 -0.30470004881215679     
         795 -0.30470005567946845     
         796 -0.30470006243329284     
         797 -0.30470006907973202     
         798 -0.30470007556552547     
         799 -0.30470008183482705     
         800 -0.30470008790196762     
         801 -0.30470009372207990     
         802 -0.30470009928712760     
         803 -0.30470010471736053     
         804 -0.30470010998166974     
         805 -0.30470011514198841     
         806 -0.30470012026956295     
         807 -0.30470012534965418     
         808 -0.30470013048764955     
         809 -0.30470013575415922     
         810 -0.30470014122615480     
         811 -0.30470014701333964     
         812 -0.30470015320378052     
         813 -0.30470015987248539     
         814 -0.30470016719192972     
         815 -0.30470017512508091     
         816 -0.30470018385629477     
         817 -0.30470019344366700     
         818 -0.30470020398130337     
         819 -0.30470021558849181     
         820 -0.30470022827188054     
         821 -0.30470024205337998     
         822 -0.30470025691243163     
         823 -0.30470027287428147     
         824 -0.30470028998036375     
         825 -0.30470030812975674     
         826 -0.30470032726969626     
         827 -0.30470034736430746     
         828 -0.30470036826782576     
         829 -0.30470038989750081     
         830 -0.30470041211072535     
         831 -0.30470043476057174     
         832 -0.30470045765994486     
         833 -0.30470048065050537     
         834 -0.30470050361895790     
         835 -0.30470052621743765     
         836 -0.30470054840312816     
         837 -0.30470056991250150     
         838 -0.30470059066307570     
         839 -0.30470061045382141     
         840 -0.30470062911853346     
         841 -0.30470064650860262     
         842 -0.30470066249396260     
         843 -0.30470067695400699     
         844 -0.30470068973310427     
         845 -0.30470070082796363     
         846 -0.30470071014941258     
         847 -0.30470071774391577     
         848 -0.30470072342395788     
         849 -0.30470072728071168     
         850 -0.30470072931400627     
         851 -0.30470072950441995     
         852 -0.30470072800697079     
         853 -0.30470072481273441     
         854 -0.30470072011118399     
         855 -0.30470071396632153     
         856 -0.30470070642540548     
         857 -0.30470069763587171     
         858 -0.30470068780414011     
         859 -0.30470067699256004     
         860 -0.30470066538135643     
         861 -0.30470065304952204     
         862 -0.30470064009653963     
         863 -0.30470062676213239     
         864 -0.30470061310173824     
         865 -0.30470059930168231     
         866 -0.30470058543984363     
         867 -0.30470057165850450     
         868 -0.30470055804426721     
         869 -0.30470054457056867     
         870 -0.30470053148126275     
         871 -0.30470051878106835     
         872 -0.30470050649966851     
         873 -0.30470049466424798     
         874 -0.30470048327576876     
         875 -0.30470047230237879     
         876 -0.30470046162976661     
         877 -0.30470045129296741     
         878 -0.30470044115600747     
         879 -0.30470043111550221     
         880 -0.30470042102117084     
         881 -0.30470041070313919     
         882 -0.30470040005402221     
         883 -0.30470038889770706     
         884 -0.30470037703754987     
         885 -0.30470036437213610     
         886 -0.30470035069717089     
         887 -0.30470033589778905     
         888 -0.30470031990293073     
         889 -0.30470030261277770     
         890 -0.30470028403742627     
         891 -0.30470026427869895     
         892 -0.30470024335293450     
         893 -0.30470022144099007     
         894 -0.30470019886299077     
         895 -0.30470017593193943     
         896 -0.30470015288050706     
         897 -0.30470013014674069     
         898 -0.30470010830570282     
         899 -0.30470008782737723     
         900 -0.30470006925804372     
         901 -0.30470005311367110     
         902 -0.30470003990308964     
         903 -0.30470003020023240     
         904 -0.30470002443212441     
         905 -0.30470002294927628     
         906 -0.30470002610071278     
         907 -0.30470003403931639     
         908 -0.30470004683388330     
         909 -0.30470006458218363     
         910 -0.30470008709192292     
         911 -0.30470011414542197     
         912 -0.30470014549915514     
         913 -0.30470018058836229     
         914 -0.30470021908964162     
         915 -0.30470026035220654     
         916 -0.30470030388564906     
         917 -0.30470034911968147     
         918 -0.30470039542343641     
         919 -0.30470044219821613     
         920 -0.30470048897641211     
         921 -0.30470053521245849     
         922 -0.30470058051476351     
         923 -0.30470062446393165     
         924 -0.30470066674302693     
         925 -0.30470070711570807     
         926 -0.30470074543750469     
         927 -0.30470078146603491     
         928 -0.30470081519573439     
         929 -0.30470084650543544     
         930 -0.30470087537398910     
         931 -0.30470090177254455     
         932 -0.30470092574481994     
         933 -0.30470094728363450     
         934 -0.30470096648227324     
         935 -0.30470098319033384     
         936 -0.30470099775579340     
         937 -0.30470100997375388     
         938 -0.30470101993150611     
         939 -0.30470102766790774     
         940 -0.30470103316110464     
         941 -0.30470103640687884     
         942 -0.30470103744350313     
         943 -0.30470103623416395     
         944 -0.30470103282182442     
         945 -0.30470102719850850     
         946 -0.30470101937887700     
         947 -0.30470100937829081     
         948 -0.30470099723021032     
         949 -0.30470098289553532     
         950 -0.30470096653891116     
         951 -0.30470094820819504     
         952 -0.30470092792302617     
         953 -0.30470090574539577     
         954 -0.30470088185934219     
         955 -0.30470085631420174     
         956 -0.30470082925483238     
         957 -0.30470080082933448     
         958 -0.30470077104524745     
         959 -0.30470074016282989     
         960 -0.30470070829670137     
         961 -0.30470067555003133     
         962 -0.30470064218141268     
         963 -0.30470060829040407     
         964 -0.30470057410289580     
         965 -0.30470053978068584     
         966 -0.30470050539858262     
         967 -0.30470047134019895     
         968 -0.30470043780409611     
         969 -0.30470040498431700     
         970 -0.30470037310122500     
         971 -0.30470034245276301     
         972 -0.30470031322016011     
         973 -0.30470028568734459     
         974 -0.30470026009023682     
         975 -0.30470023672236229     
         976 -0.30470021579320300     
         977 -0.30470019762613626     
         978 -0.30470018238800073     
         979 -0.30470017026341772     
         980 -0.30470016146377310     
         981 -0.30470015611461321     
         982 -0.30470015438045472     
         983 -0.30470015629626090     
         984 -0.30470016184866061     
         985 -0.30470017110960412     
         986 -0.30470018395835463     
         987 -0.30470020022242961     
         988 -0.30470021968801159     
         989 -0.30470024217417946     
         990 -0.30470026742869954     
         991 -0.30470029512099911     
         992 -0.30470032494619759     
         993 -0.30470035644619331     
         994 -0.30470038930543303     
         995 -0.30470042312133327     
         996 -0.30470045755845404     
         997 -0.30470049218291212     
         998 -0.30470052661184061     
         999 -0.30470056051760946     
        1000 -0.30470059368867075     
        1001 -0.30470062573111173     
        1002 -0.30470065649282485     
        1003 -0.30470068578753096     
        1004 -0.30470071340894633     
        1005 -0.30470073918574525     
        1006 -0.30470076326645928     
        1007 -0.30470078538069334     
        1008 -0.30470080565451374     
        1009 -0.30470082414454680     
        1010 -0.30470084083709165     
        1011 -0.30470085585518503     
        1012 -0.30470086927773216     
        1013 -0.30470088120563799     
        1014 -0.30470089166949038     
        1015 -0.30470090079148709     
        1016 -0.30470090878259254     
        1017 -0.30470091567050861     
        1018 -0.30470092150188066     
        1019 -0.30470092650436192     
        1020 -0.30470093060019859     
        1021 -0.30470093393142578     
        1022 -0.30470093640708529     
        1023 -0.30470093818708899     
        1024 -0.30470093932437453     
        1025 -0.30470093972286183     
        1026 -0.30470093937951259     
        1027 -0.30470093826817835     
        1028 -0.30470093640733270     
        1029 -0.30470093364898709     
        1030 -0.30470093004878812     
        1031 -0.30470092554325023     
        1032 -0.30470092018544981     
        1033 -0.30470091386363762     
        1034 -0.30470090655503496     
        1035 -0.30470089822989344     
        1036 -0.30470088881239543     
        1037 -0.30470087832618187     
        1038 -0.30470086673644298     
        1039 -0.30470085397029151     
        1040 -0.30470084010434551     
        1041 -0.30470082508326046     
        1042 -0.30470080888853457     
        1043 -0.30470079154971663     
        1044 -0.30470077301776965     
        1045 -0.30470075334287999     
        1046 -0.30470073256178271     
        1047 -0.30470071074041455     
        1048 -0.30470068793539412     
        1049 -0.30470066415975916     
        1050 -0.30470063961379751     
        1051 -0.30470061441085722     
        1052 -0.30470058860464838     
        1053 -0.30470056244061283     
        1054 -0.30470053607675746     
        1055 -0.30470050971328855     
        1056 -0.30470048356274554     
        1057 -0.30470045785357114     
        1058 -0.30470043286950538     
        1059 -0.30470040880936305     
        1060 -0.30470038593504301     
        1061 -0.30470036444501325     
        1062 -0.30470034463015611     
        1063 -0.30470032675196479     
        1064 -0.30470031096469713     
        1065 -0.30470029746254923     
        1066 -0.30470028641043390     
        1067 -0.30470027795203697     
        1068 -0.30470027211458106     
        1069 -0.30470026901694136     
        1070 -0.30470026865336486     
        1071 -0.30470027105285086     
        1072 -0.30470027616920164     
        1073 -0.30470028391508164     
        1074 -0.30470029417876948     
        1075 -0.30470030683236310     
        1076 -0.30470032167571703     
        1077 -0.30470033868071006     
        1078 -0.30470035752756419     
        1079 -0.30470037803142236     
        1080 -0.30470039995876058     
        1081 -0.30470042314870111     
        1082 -0.30470044730205770     
        1083 -0.30470047216661750     
        1084 -0.30470049750794487     
        1085 -0.30470052304305167     
        1086 -0.30470054866167950     
        1087 -0.30470057401689948     
        1088 -0.30470059889870066     
        1089 -0.30470062307161366     
        1090 -0.30470064630511473     
        1091 -0.30470066842933818     
        1092 -0.30470068932078120     
        1093 -0.30470070879965511     
        1094 -0.30470072674300314     
        1095 -0.30470074300144073     
        1096 -0.30470075744218034     
        1097 -0.30470077010220764     
        1098 -0.30470078096235198     
        1099 -0.30470079002386202     
        1100 -0.30470079728074978     
        1101 -0.30470080279579442     
        1102 -0.30470080659751386     
        1103 -0.30470080891035861     
        1104 -0.30470080978927455     
        1105 -0.30470080944588573     
        1106 -0.30470080794173737     
        1107 -0.30470080554699119     
        1108 -0.30470080235672259     
        1109 -0.30470079868920236     
        1110 -0.30470079466452665     
        1111 -0.30470079045598270     
        1112 -0.30470078631248315     
        1113 -0.30470078243322291     
        1114 -0.30470077887419117     
        1115 -0.30470077581146865     
        1116 -0.30470077327445255     
        1117 -0.30470077153526887     
        1118 -0.30470077063024303     
        1119 -0.30470077055261380     
        1120 -0.30470077129350981     
        1121 -0.30470077291328418     
        1122 -0.30470077541661111     
        1123 -0.30470077871225160     
        1124 -0.30470078281798513     
        1125 -0.30470078761641900     
        1126 -0.30470079314598414     
        1127 -0.30470079928192478     
        1128 -0.30470080598667865     
        1129 -0.30470081326727100     
        1130 -0.30470082108087304     
        1131 -0.30470082934388110     
        1132 -0.30470083809190074     
        1133 -0.30470084724368085     
        1134 -0.30470085674179098     
        1135 -0.30470086659647339     
        1136 -0.30470087670254375     
        1137 -0.30470088704485848     
        1138 -0.30470089748393392     
        1139 -0.30470090786127341     
        1140 -0.30470091810992578     
        1141 -0.30470092804568172     
        1142 -0.30470093753123534     
        1143 -0.30470094642715023     
        1144 -0.30470095452337592     
        1145 -0.30470096157614801     
        1146 -0.30470096746433012     
        1147 -0.30470097193962514     
        1148 -0.30470097482549818     
        1149 -0.30470097593819212     
        1150 -0.30470097503650861     
        1151 -0.30470097203364899     
        1152 -0.30470096679282299     
        1153 -0.30470095916178452     
        1154 -0.30470094899486599     
        1155 -0.30470093612927240     
        1156 -0.30470092058344334     
        1157 -0.30470090223679153     
        1158 -0.30470088102902676     
        1159 -0.30470085702055894     
        1160 -0.30470083032210643     
        1161 -0.30470080078042405     
        1162 -0.30470076864564094     
        1163 -0.30470073406925569     
        1164 -0.30470069720751830     
        1165 -0.30470065844867106     
        1166 -0.30470061811576921     
        1167 -0.30470057659418537     
        1168 -0.30470053433974736     
        1169 -0.30470049177526176     
        1170 -0.30470044950380398     
        1171 -0.30470040833640377     
        1172 -0.30470036887515806     
        1173 -0.30470033165205468     
        1174 -0.30470029748355121     
        1175 -0.30470026697829850     
        1176 -0.30470024065395651     
        1177 -0.30470021928475999     
        1178 -0.30470020329894321     
        1179 -0.30470019316506530     
        1180 -0.30470018916903946     
        1181 -0.30470019148659089     
        1182 -0.30470020027807060     
        1183 -0.30470021545682174     
        1184 -0.30470023705126842     
        1185 -0.30470026483307355     
        1186 -0.30470029827094486     
        1187 -0.30470033700659355     
        1188 -0.30470038059588395     
        1189 -0.30470042854786672     
        1190 -0.30470048023162177     
        1191 -0.30470053506611144     
        1192 -0.30470059241669856     
        1193 -0.30470065162436638     
        1194 -0.30470071215818367     
        1195 -0.30470077354083025     
        1196 -0.30470083517277269     
        1197 -0.30470089656178345     
        1198 -0.30470095719846663     
        1199 -0.30470101680783251     
        1200 -0.30470107498919913     
        1201 -0.30470113138134020     
        1202 -0.30470118575709398     
        1203 -0.30470123766922141     
        1204 -0.30470128708938299     
        1205 -0.30470133367633823     
        1206 -0.30470137730566904     
        1207 -0.30470141771610998     
        1208 -0.30470145467940724     
        1209 -0.30470148819670984     
        1210 -0.30470151812889346     
        1211 -0.30470154419700779     
        1212 -0.30470156632154438     
        1213 -0.30470158453975393     
        1214 -0.30470159869574842     
        1215 -0.30470160882679775     
        1216 -0.30470161479326485     
        1217 -0.30470161672947882     
        1218 -0.30470161459952738     
        1219 -0.30470160859190154     
        1220 -0.30470159879934450     
        1221 -0.30470158540277414     
        1222 -0.30470156857552283     
        1223 -0.30470154858264192     
        1224 -0.30470152564448144     
        1225 -0.30470150018047937     
        1226 -0.30470147253130470     
        1227 -0.30470144300357288     
        1228 -0.30470141205404699     
        1229 -0.30470137999217412     
        1230 -0.30470134714962721     
        1231 -0.30470131414030932     
        1232 -0.30470128115169232     
        1233 -0.30470124854597619     
        1234 -0.30470121679765183     
        1235 -0.30470118614350289     
        1236 -0.30470115665108871     
        1237 -0.30470112877795441     
        1238 -0.30470110256657656     
        1239 -0.30470107807356550     
        1240 -0.30470105556630939     
        1241 -0.30470103494524486     
        1242 -0.30470101622069723     
        1243 -0.30470099920943883     
        1244 -0.30470098384273070     
        1245 -0.30470096992019191     
        1246 -0.30470095725213470     
        1247 -0.30470094550364479     
        1248 -0.30470093455743580     
        1249 -0.30470092422112444     
        1250 -0.30470091422029633     
        1251 -0.30470090440823766     
        1252 -0.30470089456081217     
        1253 -0.30470088481378821     
        1254 -0.30470087498076992     
        1255 -0.30470086535820295     
        1256 -0.30470085609622166     
        1257 -0.30470084750239257     
        1258 -0.30470083997509478     
        1259 -0.30470083397009090     
        1260 -0.30470083002909876     
        1261 -0.30470082870533305     
        1262 -0.30470083065377140     
        1263 -0.30470083635217726     
        1264 -0.30470084613341969     
        1265 -0.30470086053043965     
        1266 -0.30470087965320336     
        1267 -0.30470090355549700     
        1268 -0.30470093211100174     
        1269 -0.30470096523709417     
        1270 -0.30470100254145666     
        1271 -0.30470104350550309     
        1272 -0.30470108743753788     
        1273 -0.30470113365065898     
        1274 -0.30470118139589136     
        1275 -0.30470123009781863     
        1276 -0.30470127893793320     
        1277 -0.30470132717061482     
        1278 -0.30470137404699277     
        1279 -0.30470141938685036     
        1280 -0.30470146257884001     
        1281 -0.30470150316604294     
        1282 -0.30470154094442953     
        1283 -0.30470157553906108     
        1284 -0.30470160688032621     
        1285 -0.30470163460336297     
        1286 -0.30470165865223853     
        1287 -0.30470167884660210     
        1288 -0.30470169491130944     
        1289 -0.30470170656249329     
        1290 -0.30470171338340718     
        1291 -0.30470171505052607     
        1292 -0.30470171106184440     
        1293 -0.30470170111685074     
        1294 -0.30470168464318825     
        1295 -0.30470166145529198     
        1296 -0.30470163119149812     
        1297 -0.30470159377748030     
        1298 -0.30470154935711108     
        1299 -0.30470149847469602     
        1300 -0.30470144177705932     
        1301 -0.30470138037513494     
        1302 -0.30470131577974341     
        1303 -0.30470124970583989     
        1304 -0.30470118429319198     
        1305 -0.30470112178936870     
        1306 -0.30470106454723850     
        1307 -0.30470101472102956     
        1308 -0.30470097425449427     
        1309 -0.30470094482600246     
        1310 -0.30470092745519023     
        1311 -0.30470092271638866     
        1312 -0.30470093039808643     
        1313 -0.30470094958076854     
        1314 -0.30470097895306064     
        1315 -0.30470101662367727     
        1316 -0.30470106034781413     
        1317 -0.30470110767731634     
        1318 -0.30470115627723932     
        1319 -0.30470120387147809     
        1320 -0.30470124839853091     
        1321 -0.30470128848116668     
        1322 -0.30470132303208380     
        1323 -0.30470135130349035     
        1324 -0.30470137324696284     
        1325 -0.30470138901322275     
        1326 -0.30470139930145118     
        1327 -0.30470140494921216     
        1328 -0.30470140704584348     
        1329 -0.30470140674277207     
        1330 -0.30470140524645811     
        1331 -0.30470140369436688     
        1332 -0.30470140342922714     
        1333 -0.30470140525495160     
        1334 -0.30470140998347522     
        1335 -0.30470141839866566     
        1336 -0.30470143088691770     
        1337 -0.30470144784549635     
        1338 -0.30470146934505093     
        1339 -0.30470149544866942     
        1340 -0.30470152614644253     
        1341 -0.30470156115523400     
        1342 -0.30470160012978381     
        1343 -0.30470164247096959     
        1344 -0.30470168808789205     
        1345 -0.30470173626128194     
        1346 -0.30470178641008178     
        1347 -0.30470183793592109     
        1348 -0.30470189021569194     
        1349 -0.30470194257355293     
        1350 -0.30470199434922873     
        1351 -0.30470204485344399     
        1352 -0.30470209353839195     
        1353 -0.30470213957618431     
        1354 -0.30470218249588771     
        1355 -0.30470222157304599     
        1356 -0.30470225635667236     
        1357 -0.30470228624566931     
        1358 -0.30470231081006705     
        1359 -0.30470232958867360     
        1360 -0.30470234234655741     
        1361 -0.30470234875424124     
        1362 -0.30470234861755624     
        1363 -0.30470234214108921     
        1364 -0.30470232918071921     
        1365 -0.30470230997113151     
        1366 -0.30470228483552270     
        1367 -0.30470225420683278     
        1368 -0.30470221846711371     
        1369 -0.30470217829253904     
        1370 -0.30470213448803940     
        1371 -0.30470208775941093     
        1372 -0.30470203894403836     
        1373 -0.30470198886112237     
        1374 -0.30470193853733624     
        1375 -0.30470188875579396     
        1376 -0.30470184038691828     
        1377 -0.30470179424800303     
        1378 -0.30470175093689894     
        1379 -0.30470171105617316     
        1380 -0.30470167530170206     
        1381 -0.30470164405053224     
        1382 -0.30470161772129045     
        1383 -0.30470159639655336     
        1384 -0.30470158023725125     
        1385 -0.30470156918659608     
        1386 -0.30470156309858420     
        1387 -0.30470156165429702     
        1388 -0.30470156434234402     
        1389 -0.30470157081746890     
        1390 -0.30470158035781514     
        1391 -0.30470159234362143     
        1392 -0.30470160604701002     
        1393 -0.30470162073402474     
        1394 -0.30470163550785967     
        1395 -0.30470164982714115     
        1396 -0.30470166278347305     
        1397 -0.30470167386231056     
        1398 -0.30470168257428659     
        1399 -0.30470168830213046     
        1400 -0.30470169073903064     
        1401 -0.30470168952609761     
        1402 -0.30470168457591246     
        1403 -0.30470167565429201     
        1404 -0.30470166286781447     
        1405 -0.30470164630634805     
        1406 -0.30470162622790187     
        1407 -0.30470160274621605     
        1408 -0.30470157622845062     
        1409 -0.30470154702310842     
        1410 -0.30470151557054276     
        1411 -0.30470148233278782     
        1412 -0.30470144782026626     
        1413 -0.30470141257976024     
        1414 -0.30470137712483603     
        1415 -0.30470134207933997     
        1416 -0.30470130800610706     
        1417 -0.30470127554299870     
        1418 -0.30470124519889502     
        1419 -0.30470121749239487     
        1420 -0.30470119299205539     
        1421 -0.30470117224218740     
        1422 -0.30470115567535172     
        1423 -0.30470114359195821     
        1424 -0.30470113632176704     
        1425 -0.30470113417992406     
        1426 -0.30470113727937587     
        1427 -0.30470114563933054     
        1428 -0.30470115945204868     
        1429 -0.30470117863141993     
        1430 -0.30470120315097732     
        1431 -0.30470123276061739     
        1432 -0.30470126717875778     
        1433 -0.30470130622008346     
        1434 -0.30470134952993266     
        1435 -0.30470139671830843     
        1436 -0.30470144737437627     
        1437 -0.30470150092640469     
        1438 -0.30470155683483335     
        1439 -0.30470161458058365     
        1440 -0.30470167362999673     
        1441 -0.30470173317774873     
        1442 -0.30470179272190062     
        1443 -0.30470185159355573     
        1444 -0.30470190919416384     
        1445 -0.30470196489831147     
        1446 -0.30470201802701496     
        1447 -0.30470206814193812     
        1448 -0.30470211463690811     
        1449 -0.30470215721766924     
        1450 -0.30470219548391364     
        1451 -0.30470222908914057     
        1452 -0.30470225785224642     
        1453 -0.30470228150718354     
        1454 -0.30470230023877343     
        1455 -0.30470231394591224     
        1456 -0.30470232265372538     
        1457 -0.30470232668813935     
        1458 -0.30470232605574604     
        1459 -0.30470232136021447     
        1460 -0.30470231274051024     
        1461 -0.30470230079718180     
        1462 -0.30470228592538667     
        1463 -0.30470226869565320     
        1464 -0.30470224963598030     
        1465 -0.30470222922680551     
        1466 -0.30470220821997990     
        1467 -0.30470218713846392     
        1468 -0.30470216654063564     
        1469 -0.30470214708009208     
        1470 -0.30470212917069650     
        1471 -0.30470211321914065     
        1472 -0.30470209960499678     
        1473 -0.30470208864039766     
        1474 -0.30470208025535905     
        1475 -0.30470207449466991     
        1476 -0.30470207110915348     
        1477 -0.30470206975899994     
        1478 -0.30470206990153653     
        1479 -0.30470207088196954     
        1480 -0.30470207177022540     
        1481 -0.30470207159209967     
        1482 -0.30470206937377342     
        1483 -0.30470206408188666     
        1484 -0.30470205438087594     
        1485 -0.30470203956987923     
        1486 -0.30470201852098239     
        1487 -0.30470199059062503     
        1488 -0.30470195537812972     
        1489 -0.30470191258611568     
        1490 -0.30470186262610932     
        1491 -0.30470180602561042     
        1492 -0.30470174388805954     
        1493 -0.30470167771865631     
        1494 -0.30470160935636553     
        1495 -0.30470154078563866     
        1496 -0.30470147460822683     
        1497 -0.30470141324432343     
        1498 -0.30470135931786940     
        1499 -0.30470131518880139     
        1500 -0.30470128300886562     
        1501 -0.30470126459944635     
        1502 -0.30470126126908159     
        1503 -0.30470127385878187     
        1504 -0.30470130244739257     
        1505 -0.30470134666519544     
        1506 -0.30470140539970864     
        1507 -0.30470147722925495     
        1508 -0.30470156016610306     
        1509 -0.30470165203128663     
        1510 -0.30470175050745663     
        1511 -0.30470185313596138     
        1512 -0.30470195740599276     
        1513 -0.30470206132966171     
        1514 -0.30470216273754513     
        1515 -0.30470225983158078     
        1516 -0.30470235123859640     
        1517 -0.30470243558234794     
        1518 -0.30470251198142972     
        1519 -0.30470257973157683     
        1520 -0.30470263848138657     
        1521 -0.30470268796649147     
        1522 -0.30470272798554132     
        1523 -0.30470275863418633     
        1524 -0.30470278016701857     
        1525 -0.30470279274387713     
        1526 -0.30470279707457676     
        1527 -0.30470279337145079     
        1528 -0.30470278235780207     
        1529 -0.30470276461075163     
        1530 -0.30470274070641656     
        1531 -0.30470271157777173     
        1532 -0.30470267779757698     
        1533 -0.30470264041282413     
        1534 -0.30470260019838330     
        1535 -0.30470255799854201     
        1536 -0.30470251468849807     
        1537 -0.30470247111604448     
        1538 -0.30470242812722431     
        1539 -0.30470238665607691     
        1540 -0.30470234725406620     
        1541 -0.30470231064105674     
        1542 -0.30470227715827641     
        1543 -0.30470224744561397     
        1544 -0.30470222163270949     
        1545 -0.30470219999584802     
        1546 -0.30470218238645791     
        1547 -0.30470216864326216     
        1548 -0.30470215856487604     
        1549 -0.30470215161899766     
        1550 -0.30470214723387867     
        1551 -0.30470214459828820     
        1552 -0.30470214316650834     
        1553 -0.30470214198984164     
        1554 -0.30470214020517911     
        1555 -0.30470213707638760     
        1556 -0.30470213173005273     
        1557 -0.30470212348834430     
        1558 -0.30470211174916040     
        1559 -0.30470209602022974     
        1560 -0.30470207609633221     
        1561 -0.30470205174812959     
        1562 -0.30470202298815763     
        1563 -0.30470199003057891     
        1564 -0.30470195326198957     
        1565 -0.30470191323132706     
        1566 -0.30470187051599851     
        1567 -0.30470182590486905     
        1568 -0.30470178034995005     
        1569 -0.30470173471847284     
        1570 -0.30470169012764631     
        1571 -0.30470164738313299     
        1572 -0.30470160759020920     
        1573 -0.30470157165631184     
        1574 -0.30470154041238123     
        1575 -0.30470151482198510     
        1576 -0.30470149557717097     
        1577 -0.30470148324581392     
        1578 -0.30470147842454265     
        1579 -0.30470148146728010     
        1580 -0.30470149246853040     
        1581 -0.30470151164544890     
        1582 -0.30470153900048286     
        1583 -0.30470157415515631     
        1584 -0.30470161686976105     
        1585 -0.30470166663225928     
        1586 -0.30470172297586029     
        1587 -0.30470178499935230     
        1588 -0.30470185199051208     
        1589 -0.30470192306778499     
        1590 -0.30470199730312542     
        1591 -0.30470207366928248     
        1592 -0.30470215125615852     
        1593 -0.30470222915192852     
        1594 -0.30470230649413332     
        1595 -0.30470238203095285     
        1596 -0.30470245518005318     
        1597 -0.30470252491683847     
        1598 -0.30470259067264416     
        1599 -0.30470265171645711     
        1600 -0.30470270735941002     
        1601 -0.30470275720574719     
        1602 -0.30470280083958462     
        1603 -0.30470283794155650     
        1604 -0.30470286824133092     
        1605 -0.30470289175054288     
        1606 -0.30470290841465392     
        1607 -0.30470291827678353     
        1608 -0.30470292161977064     
        1609 -0.30470291867020893     
        1610 -0.30470290973648417     
        1611 -0.30470289520895205     
        1612 -0.30470287550202091     
        1613 -0.30470285119297175     
        1614 -0.30470282260579901     
        1615 -0.30470279028535557     
        1616 -0.30470275448550299     
        1617 -0.30470271579128405     
        1618 -0.30470267478315366     
        1619 -0.30470263166009953     
        1620 -0.30470258670594880     
        1621 -0.30470254035238087     
        1622 -0.30470249263565646     
        1623 -0.30470244388379231     
        1624 -0.30470239416314693     
        1625 -0.30470234353350228     
        1626 -0.30470229188485587     
        1627 -0.30470223935041751     
        1628 -0.30470218593483972     
        1629 -0.30470213148377706     
        1630 -0.30470207588888132     
        1631 -0.30470201929289370     
        1632 -0.30470196146097822     
        1633 -0.30470190250528778     
        1634 -0.30470184225494878     
        1635 -0.30470178089704930     
        1636 -0.30470171841306604     
        1637 -0.30470165489974999     
        1638 -0.30470159044799311     
        1639 -0.30470152540045309     
        1640 -0.30470146003571519     
        1641 -0.30470139456063744     
        1642 -0.30470132939598588     
        1643 -0.30470126484327531     
        1644 -0.30470120153798919     
        1645 -0.30470113974493945     
        1646 -0.30470108020331677     
        1647 -0.30470102336897359     
        1648 -0.30470096959947068     
        1649 -0.30470091944650635     
        1650 -0.30470087335446239     
        1651 -0.30470083173170465     
        1652 -0.30470079496755309     
        1653 -0.30470076334127222     
        1654 -0.30470073710857631     
        1655 -0.30470071655806402     
        1656 -0.30470070144681377     
        1657 -0.30470069220820845     
        1658 -0.30470068874585193     
        1659 -0.30470069099949454     
        1660 -0.30470069894981339     
        1661 -0.30470071270180338     
        1662 -0.30470073185292568     
        1663 -0.30470075656698958     
        1664 -0.30470078657893096     
        1665 -0.30470082166579526     
        1666 -0.30470086168089261     
        1667 -0.30470090639024483     
        1668 -0.30470095585273166     
        1669 -0.30470100956084450     
        1670 -0.30470106726609603     
        1671 -0.30470112885603146     
        1672 -0.30470119385091293     
        1673 -0.30470126193090125     
        1674 -0.30470133292596496     
        1675 -0.30470140625948966     
        1676 -0.30470148159562188     
        1677 -0.30470155844883595     
        1678 -0.30470163615134410     
        1679 -0.30470171443044819     
        1680 -0.30470179276169229     
        1681 -0.30470187045384273     
        1682 -0.30470194693599256     
        1683 -0.30470202170591981     
        1684 -0.30470209421305355     
        1685 -0.30470216390456467     
        1686 -0.30470223018815534     
        1687 -0.30470229251887881     
        1688 -0.30470235049457017     
        1689 -0.30470240366260437     
        1690 -0.30470245147924641     
        1691 -0.30470249406876398     
        1692 -0.30470253088862503     
        1693 -0.30470256192119483     
        1694 -0.30470258722993060     
        1695 -0.30470260680172540     
        1696 -0.30470262084022048     
        1697 -0.30470262957065436     
        1698 -0.30470263341442655     
        1699 -0.30470263290024507     
        1700 -0.30470262835678424     
        1701 -0.30470262056325065     
        1702 -0.30470261010794608     
        1703 -0.30470259755488271     
        1704 -0.30470258344085432     
        1705 -0.30470256864638856     
        1706 -0.30470255358628412     
        1707 -0.30470253890251070     
        1708 -0.30470252504775996     
        1709 -0.30470251224500244     
        1710 -0.30470250102544727     
        1711 -0.30470249122949367     
        1712 -0.30470248343375922     
        1713 -0.30470247727249816     
        1714 -0.30470247276970974     
        1715 -0.30470246975856918     
        1716 -0.30470246802963430     
        1717 -0.30470246718530142     
        1718 -0.30470246695567560     
        1719 -0.30470246709946558     
        1720 -0.30470246720290223     
        1721 -0.30470246688060310     
        1722 -0.30470246576981480     
        1723 -0.30470246353643882     
        1724 -0.30470245987685773     
        1725 -0.30470245444547756     
        1726 -0.30470244697542198     
        1727 -0.30470243712256212     
        1728 -0.30470242454224239     
        1729 -0.30470240913715041     
        1730 -0.30470239044144681     
        1731 -0.30470236828175301     
        1732 -0.30470234239696026     
        1733 -0.30470231274724441     
        1734 -0.30470227903942143     
        1735 -0.30470224138394980     
        1736 -0.30470219974193979     
        1737 -0.30470215434688047     
        1738 -0.30470210563316741     
        1739 -0.30470205384282828     
        1740 -0.30470199971723311     
        1741 -0.30470194424647296     
        1742 -0.30470188818425958     
        1743 -0.30470183248167110     
        1744 -0.30470177831055678     
        1745 -0.30470172670745366     
        1746 -0.30470167882522892     
        1747 -0.30470163560492775     
        1748 -0.30470159781311756     
        1749 -0.30470156623580325     
        1750 -0.30470154114943909     
        1751 -0.30470152284408275     
        1752 -0.30470151113346666     
        1753 -0.30470150594056289     
        1754 -0.30470150647346128     
        1755 -0.30470151199983836     
        1756 -0.30470152152508173     
        1757 -0.30470153422728380     
        1758 -0.30470154880978612     
        1759 -0.30470156437493168     
        1760 -0.30470157996505925     
        1761 -0.30470159450525974     
        1762 -0.30470160745998232     
        1763 -0.30470161820413810     
        1764 -0.30470162648470178     
        1765 -0.30470163197447475     
        1766 -0.30470163491299457     
        1767 -0.30470163554225205     
        1768 -0.30470163442039538     
        1769 -0.30470163213879436     
        1770 -0.30470162947135715     
        1771 -0.30470162725596456     
        1772 -0.30470162645242949     
        1773 -0.30470162789449673     
        1774 -0.30470163226343594     
        1775 -0.30470164052191623     
        1776 -0.30470165307928893     
        1777 -0.30470167034311174     
        1778 -0.30470169266549257     
        1779 -0.30470172030460257     
        1780 -0.30470175299407998     
        1781 -0.30470179058805658     
        1782 -0.30470183281674812     
        1783 -0.30470187915681740     
        1784 -0.30470192925316864     
        1785 -0.30470198258730491     
        1786 -0.30470203866234336     
        1787 -0.30470209691896410     
        1788 -0.30470215688287611     
        1789 -0.30470221806634223     
        1790 -0.30470228017464673     
        1791 -0.30470234264190749     
        1792 -0.30470240528397785     
        1793 -0.30470246782583926     
        1794 -0.30470252974163470     
        1795 -0.30470259086678758     
        1796 -0.30470265071955688     
        1797 -0.30470270886810968     
        1798 -0.30470276482511277     
        1799 -0.30470281795420739     
        1800 -0.30470286753468384     
        1801 -0.30470291280000139     
        1802 -0.30470295266097014     
        1803 -0.30470298631554404     
        1804 -0.30470301260439497     
        1805 -0.30470303031670581     
        1806 -0.30470303836868351     
        1807 -0.30470303554168354     
        1808 -0.30470302090801182     
        1809 -0.30470299361370129     
        1810 -0.30470295330012981     
        1811 -0.30470289952637497     
        1812 -0.30470283246090230     
        1813 -0.30470275270188696     
        1814 -0.30470266145862562     
        1815 -0.30470256018287267     
        1816 -0.30470245140182800     
        1817 -0.30470233735567015     
        1818 -0.30470222120940432     
        1819 -0.30470210604175596     
        1820 -0.30470199524992581     
        1821 -0.30470189191176189     
        1822 -0.30470179857385987     
        1823 -0.30470171784847239     
        1824 -0.30470165129121307     
        1825 -0.30470160002638363     
        1826 -0.30470156429111395     
        1827 -0.30470154360939966     
        1828 -0.30470153694369545     
        1829 -0.30470154269554595     
        1830 -0.30470155885788019     
        1831 -0.30470158325517188     
        1832 -0.30470161352877634     
        1833 -0.30470164775965258     
        1834 -0.30470168431253197     
        1835 -0.30470172164418224     
        1836 -0.30470175875783845     
        1837 -0.30470179492123034     
        1838 -0.30470182996800133     
        1839 -0.30470186406285199     
        1840 -0.30470189718053620     
        1841 -0.30470193024923681     
        1842 -0.30470196380067260     
        1843 -0.30470199842510481     
        1844 -0.30470203486413394     
        1845 -0.30470207350115891     
        1846 -0.30470211477106868     
        1847 -0.30470215874875106     
        1848 -0.30470220559006006     
        1849 -0.30470225498512837     
        1850 -0.30470230645154361     
        1851 -0.30470235952472741     
        1852 -0.30470241342279608     
        1853 -0.30470246757466662     
        1854 -0.30470252114334556     
        1855 -0.30470257320507638     
        1856 -0.30470262295322459     
        1857 -0.30470266988255706     
        1858 -0.30470271324334819     
        1859 -0.30470275270190050     
        1860 -0.30470278767828918     
        1861 -0.30470281813967032     
        1862 -0.30470284389329205     
        1863 -0.30470286490429799     
        1864 -0.30470288148444485     
        1865 -0.30470289380371463     
        1866 -0.30470290206979217     
        1867 -0.30470290679624717     
        1868 -0.30470290819957874     
        1869 -0.30470290689064389     
        1870 -0.30470290333597816     
        1871 -0.30470289769414072     
        1872 -0.30470289058546363     
        1873 -0.30470288235364174     
        1874 -0.30470287323839995     
        1875 -0.30470286355485010     
        1876 -0.30470285336069525     
        1877 -0.30470284301020023     
        1878 -0.30470283236692952     
        1879 -0.30470282150253120     
        1880 -0.30470281046082320     
        1881 -0.30470279905371545     
        1882 -0.30470278721149657     
        1883 -0.30470277464491924     
        1884 -0.30470276135081964     
        1885 -0.30470274693971788     
        1886 -0.30470273111373497     
        1887 -0.30470271360963430     
        1888 -0.30470269402276384     
        1889 -0.30470267206959523     
        1890 -0.30470264738725228     
        1891 -0.30470261969782547     
        1892 -0.30470258874051809     
        1893 -0.30470255440503330     
        1894 -0.30470251620060035     
        1895 -0.30470247453482441     
        1896 -0.30470242915373463     
        1897 -0.30470238027328378     
        1898 -0.30470232816726145     
        1899 -0.30470227307872022     
        1900 -0.30470221561666050     
        1901 -0.30470215631318209     
        1902 -0.30470209611442489     
        1903 -0.30470203575710308     
        1904 -0.30470197622064860     
        1905 -0.30470191846314731     
        1906 -0.30470186377974107     
        1907 -0.30470181309579930     
        1908 -0.30470176757338197     
        1909 -0.30470172821444458     
        1910 -0.30470169606873171     
        1911 -0.30470167206523779     
        1912 -0.30470165696864171     
        1913 -0.30470165139264777     
        1914 -0.30470165584618597     
        1915 -0.30470167068214099     
        1916 -0.30470169612488357     
        1917 -0.30470173226887159     
        1918 -0.30470177861015824     
        1919 -0.30470183518465926     
        1920 -0.30470190110500711     
        1921 -0.30470197588028475     
        1922 -0.30470205848888615     
        1923 -0.30470214786959088     
        1924 -0.30470224272843244     
        1925 -0.30470234156492171     
        1926 -0.30470244303620869     
        1927 -0.30470254542189001     
        1928 -0.30470264687986270     
        1929 -0.30470274580754131     
        1930 -0.30470284042781787     
        1931 -0.30470292898348605     
        1932 -0.30470300988952270     
        1933 -0.30470308159742021     
        1934 -0.30470314315072844     
        1935 -0.30470319324553885     
        1936 -0.30470323111274417     
        1937 -0.30470325633386658     
        1938 -0.30470326856432389     
        1939 -0.30470326810076370     
        1940 -0.30470325520855196     
        1941 -0.30470323085430129     
        1942 -0.30470319588719702     
        1943 -0.30470315152128896     
        1944 -0.30470309953591762     
        1945 -0.30470304121422181     
        1946 -0.30470297860504197     
        1947 -0.30470291369106733     
        1948 -0.30470284839851219     
        1949 -0.30470278481653540     
        1950 -0.30470272478000671     
        1951 -0.30470267003032253     
        1952 -0.30470262227843847     
        1953 -0.30470258296916641     
        1954 -0.30470255296688670     
        1955 -0.30470253338775138     
        1956 -0.30470252477239418     
        1957 -0.30470252733441222     
        1958 -0.30470254101870170     
        1959 -0.30470256532082929     
        1960 -0.30470259994493398     
        1961 -0.30470264375732253     
        1962 -0.30470269574535430     
        1963 -0.30470275469601932     
        1964 -0.30470281891047535     
        1965 -0.30470288734706313     
        1966 -0.30470295865425107     
        1967 -0.30470303113574548     
        1968 -0.30470310364880809     
        1969 -0.30470317497192057     
        1970 -0.30470324422896305     
        1971 -0.30470331025636832     
        1972 -0.30470337235584416     
        1973 -0.30470342973778619     
        1974 -0.30470348203722808     
        1975 -0.30470352885533020     
        1976 -0.30470356994656872     
        1977 -0.30470360519490874     
        1978 -0.30470363442782156     
        1979 -0.30470365758761064     
        1980 -0.30470367482065985     
        1981 -0.30470368595224506     
        1982 -0.30470369081952425     
        1983 -0.30470368935680925     
        1984 -0.30470368155495625     
        1985 -0.30470366696282936     
        1986 -0.30470364560261026     
        1987 -0.30470361692570730     
        1988 -0.30470358089495975     
        1989 -0.30470353700429659     
        1990 -0.30470348529016267     
        1991 -0.30470342568294612     
        1992 -0.30470335827463424     
        1993 -0.30470328360761317     
        1994 -0.30470320234083859     
        1995 -0.30470311561036584     
        1996 -0.30470302450711678     
        1997 -0.30470293084663952     
        1998 -0.30470283684975163     
        1999 -0.30470274456764723     
        2000 -0.30470265644360056     
