 -0.54651071642326676     
 -0.64804962912746578     
   2.1002265647575085     
 -0.84026346224082371     
 -0.74642903101954217     
 -0.30504601445154800     
  0.23944523028100720     
 -0.34253074594382960     
  0.21066733120381603     
  -3.0566253919776867     
   2.3313651943142948     
  -1.8573083955101719     
   2.3301755547648240     
  -3.2582864717536184     
   3.8024575632125655     
  -1.2905693905403512     
  0.81259375726261940     
  -1.0645529446031168     
  -3.0400221397187694     
  -3.0887416332172135     
  0.29229721961135130     
  0.41138175976400715     
  -1.0839254509904386     
  -3.2353224728828738     
   1.6782608661028424     
  0.44779999158404071     
  -3.3122259038898325     
  -1.6001254455891394     
  0.35946283822653874     
  -3.9971121593643315     
   3.0700792164799844     
  -5.6939761637836508     
   3.7413301520316673     
  -1.0876987169678787     
   3.2989037255760172     
   1.1390207872384821     
  -3.0571095948866711     
  -1.3701308057535770     
  0.70148197679106883     
 -0.93761795685674676     
   1.5339364667645679     
  -2.0091164833143464     
  -1.9064946716145250     
  -1.5591524212085035     
   1.2094013393779079     
   5.7166205731894468     
  -5.5631588124756508     
   5.2832572066149277     
   3.8921077429461906     
  -8.8994005432765241E-002
  -3.1787236582513119     
 -0.35404413677061247     
   2.1542040923616144     
  0.15536575842923650     
  -4.5836015002987684     
  -1.1391747458020414     
  0.19100727457945557     
  0.57479843280404930     
   1.8089105449972795     
  0.52973654703091666     
   1.4399940891169425     
   2.4181975382114937     
  -2.8567740948421600     
  -4.6997654422414570     
   4.3431434184737894     
  -3.5598733460252170     
  -6.9783311863635493     
  0.12571712176725014     
   1.6915775474603256     
  -1.4256900994194663     
   1.9652398549123142     
  0.20509010315344911     
  -3.0045754382880578     
 -0.97885271816266028     
  -3.1300819071534729     
  -4.0988452545942025     
  0.55516199666425603     
  -1.5168843664595622     
  0.20497982837331513     
  -4.2998460836041259     
   2.7650831904243280     
   1.1979499087199983     
   3.3970730706116816     
 -0.10310621593797192     
   3.4417858520441480     
   4.3792638380268496     
  -1.7613617297951862     
  -3.1940610068733304     
   1.8056092448507353     
  -4.6448213917138022     
   5.0293802043249647     
  0.82959042423828311     
  -2.2556866310557973     
   3.6497925286887281     
   2.7412647979237241     
   4.2148390584071320     
  0.17738203554774867     
   4.6632477844226363     
  -1.3047403863847702     
  -4.1932386092836236     
  -1.9370135166604843     
   1.2897065770025693     
  -3.0622842826403223     
  0.71811522345076395     
   4.3911202930283286     
  -5.0218533370943081     
  -2.6043248457289141     
  -4.6159723650975453     
   2.4810078549634937     
  -2.2278285205045272     
  0.61273733963258659     
  0.99604583282583625     
   2.2219185297304098     
   3.5919045270877676     
  -1.0820817422600109     
  0.93350244865956189     
  -5.9541497177778622     
   4.4333435878289729     
 -0.99984387484328519     
   1.2703652154576754     
  -3.2877820590851674     
  -2.6815345002418836     
   1.3170024281919290     
  0.78254451142010462     
 -0.15609671154379939     
  0.91709486832008524     
  -3.6839699730991202     
  -3.6199593550438469     
  0.24751418758835056     
   3.8723098165019558     
  -1.4565180243382811     
   4.5579261640953028     
   4.1184467666404130     
 -0.77495711670708545     
   4.6647238353476759     
  0.66866674803654513     
  -1.8125468202492678     
   1.8155601280482834     
  -1.0109051045155533     
   3.8697528884339798     
  -3.3102519949025222     
  0.21814131066205436     
   3.4626634640736369     
  -3.3376728360220937     
 -0.35582930880101638     
  0.44933277865680760     
  -7.9407325875657311E-002
  -4.8116896032771157     
   3.1049527965474955     
   1.6469187595729782     
   2.5179703402286457     
  0.87780427830206309     
  -5.5630158726481298     
   1.3978959292118391     
   1.9153617590295251     
 -0.97395055719580703     
   3.2505670628592771     
  -1.4343723263853110     
  -2.5751264951087900     
  -2.8170060910126531     
   1.5298578016399431     
   2.7885488594567551     
   1.5817145768667138     
   3.3107192869040238     
  -1.7851951378330024     
  -1.6585238721696198     
  -1.8251603897908477     
   1.3729850213790094     
   2.0935716707194607     
   1.7208524032547490     
   3.3171659609618533     
   2.4912971987627164     
  0.52600239388214409     
   3.4945465114947023     
  -8.3148995015169103     
  0.14582955749052604     
 -0.68928335251504091     
 -0.88401544023201095     
  0.77497592095496981     
 -0.89150514106125012     
   2.6602972106279328     
  -3.2211519912173836     
  -2.5921579351046460     
   2.3806354312281792     
 -0.20449478979384419     
   5.0854052678663546     
  0.32281952545374570     
  -2.0915696737204875E-002
  -2.4490830222373607     
  -2.6154588754050074     
  -1.2774418602866571     
  -1.5873290077238416     
  -2.1449570354265308     
  0.72542524657358509     
  -1.3319494505296448     
  -4.8096148187537926     
  -4.2642084783845631     
   5.3791048004770392     
   1.4267707158120777     
  -1.2224123847399584     
   5.2686827702008383     
  -6.1837323340178640     
   2.5917939350578187     
  -3.7018923996321091     
  -3.7489631733199658     
   1.7128575834822926     
  0.96290113761862328     
 -0.29908661667067321     
 -0.33837976311620999     
   6.0579485845035395     
  -1.4619669470124796     
   3.7475348548165548     
   2.5126335174595336     
   1.2804307199682037     
   2.3012011798718781     
 -0.50637210761213969     
   3.9435682267488446     
   2.1281150557148165     
 -0.96936076049045639     
  -5.5114934270038738     
  -2.9858018924226881     
   3.2720633872954670     
  -2.4364857797654769     
 -0.87559591097872302     
   7.2871676156743304     
  -2.1371503839190695     
   3.1709541944677744     
  -5.7750396505207711     
  -2.5087708804481923     
   1.9610881140689520     
   4.8693794249425117     
  -5.4627320258308032     
   1.3015212089791244     
   3.6194337947879363     
   3.4562514523279213     
   3.9878032464032800     
   1.3104874163539857     
  -2.7523482317493375     
   3.6446391728966736     
   1.3299333362578116     
  -2.1573964538078245     
  0.18031371433539442     
   3.0205996583597341     
  -3.2769423263828101     
   2.8441369954735705     
  -1.1588363729070041     
  -3.0150015094384472     
  -1.9973948820213314     
 -0.86271570288498445     
  -1.0635853417272709     
 -0.40827034573975290     
  -1.8505849665219918     
   3.5396984935903846     
 -0.78088748372877315     
   5.4883957908487311     
   1.2179518683921022     
   1.5396071802064963     
  0.87434428818206111     
  -3.3564903126507142     
  -1.5569546203451072     
   2.9070578938393061     
  -2.5099426978965043     
  0.35050431074522459     
   3.1903407986448786     
  -4.7147731701083693     
  -3.8813028735150423     
  -1.7943894447090869     
 -0.30403737412927140     
 -0.15894586822168377     
   1.0979796436692999     
   4.1499010078217671     
   6.1551712377679779     
   2.7328401585704727     
  -5.9930380584029779     
  -4.6670441105699192     
  -1.7545184263440528     
  -2.0940488826468693     
   1.1713893448858421     
   3.1295369575453384     
  0.96033665395341583     
  0.21307636311508316     
   8.2504790741285650     
  0.93484074288273356     
  -5.3604991463389071     
 -0.86734650887478593     
  0.26262546661528791     
  -1.4238632746935305     
   2.6900007313970153     
 -0.38018577615895610     
  -2.8858671916320930     
  -4.1655206048353985     
   4.2563938317683059     
  -1.0114024167474858     
   3.7825350129448938     
  -3.6857201941905964     
  -1.7823197114157749     
   2.8746068798346016     
  -5.7639212108015068     
   3.7334453041338200     
  0.21058905592875860     
  0.94281313833071589     
   2.0102502786007892     
   2.7775994074996180     
   1.7673713909367232     
 -0.49977150516233676     
  0.70857081428063018     
   2.8425980800191408     
  0.42592590785815831     
  -6.8345582555528459     
  -1.6124539134832361     
   1.6926971449734793     
   4.6207793578270095     
  -4.0858331087758950     
 -0.53694305123135444     
  0.13385772944068389     
  -3.8650143891341684     
  -1.5197978144481898     
   1.7273806046332805     
   2.4335459287351746     
   5.1944017004016727     
 -0.41869607875817411     
 -0.87020388801584170     
 -0.88873693644543106     
  0.53777338343411396     
   4.4981303345347818     
  -3.9859012519412880     
  -3.1636391280788727     
  -2.4659001951916988     
  -3.3912007998429834     
  0.95437958779277365     
 -0.24003042512416789     
   3.8525780520838717     
   3.5616819964141291     
   7.0518775970416367     
   8.6336408054552187     
   7.8484213241893421     
  0.56552344627102569     
   2.6602252540010483     
 -0.37915855955711703     
  -4.0887519872253391     
   1.0731314492360533     
  0.45352510953030589     
   1.4340328539651181     
  0.24408971196391865     
  0.22424846523867867     
 -0.67492431645361284     
  -3.6154251351942537     
   5.3095320530876542     
  -1.0924074242034389     
   6.4811764259483091     
  0.93367932049660873     
  -5.6475748607654914     
   1.5547926970173147     
   9.7220657809383007E-002
  -1.1201827728883225     
 -0.84239157275559085     
  0.54318602497693691     
   3.7437322263473609     
   1.4050961177765779     
 -0.47623274283183992     
  -2.8594127731003356     
 -0.82156554945799010     
   2.7283838869693535     
   3.5914381118521530     
   5.8357812277829773     
 -0.49446487078918827     
 -0.63851401862798485     
   1.9334561047812580     
   1.3969833499931539     
   6.2833343895330435E-002
   2.3516785183735056     
 -0.95297415776243544     
  -3.3690560150333573     
  -2.6486782266047944     
 -0.90472290146366074     
   1.2016305607189437     
   4.1077912142647337     
 -0.58221035665469145     
   5.0889350000900730     
  0.65166965580934422     
  -4.6169647456198293     
  0.31510776140202407     
   2.2907262272078674     
  -3.8806813855599067     
  -2.8326860201283552     
   2.7789810192593776     
 -0.13875750284523347     
 -0.45653875964105550     
 -0.36043041308550122     
  -1.1261752447012601     
  -1.7690089805924749     
   1.7801727738770172     
  -3.4933016220988531     
   2.8169393555179099     
 -0.49972327559361240     
   2.8933237356072095     
  0.77529234541997505     
  0.25030082399418785     
  -7.4694581437189731     
  0.64273225785530042     
  -3.2546559925707279     
  -3.8129496195268837     
  0.96672461943385857     
  0.45764304768486991     
   1.0842261282658470     
  0.89763027270732498     
  -3.1300838353085232     
  0.26808331037287492     
 -0.25039483643748267     
  0.94105115579552656     
  -4.0768996647363744     
  -1.8055215210945517     
  -1.4550626036229577     
  -3.2832925304047165     
 -0.83093926426523301     
  -1.2852272912529081     
  -6.3306404816279276     
  -5.4862063077518721     
  -1.2941386167526123     
  -2.5389449548096867     
  0.91703657817843365     
   2.3471317913691063     
  -1.4257718830158208     
   2.2665458339278182     
   3.7517289999935697     
   3.7759222144900697     
   4.9037393023126530     
   7.0623226378633754     
   3.4247089413679661     
 -0.56893469763136428     
   1.1917723664990512     
   1.0530439361093831     
   5.8376767343028808     
   1.9077159819685563     
   3.5644314468643747     
  -3.1668639152118807     
   4.4388037153355153     
   6.1533154039390947     
   1.3509291652022355     
  -5.2063374912253266     
  -2.2745312703641982     
 -0.60084089590475553     
  -1.5478080220275530     
  -2.2833723814334510     
   5.7288552826563635     
   6.1293313877976505     
  -3.4720099310229733     
  -3.2242745338993148     
  -3.4934503135522865     
   2.9479489929354945     
  -1.5257901258312971     
   3.3466486031252600     
  -2.7840385745023588     
 -0.59827766779289848     
   2.4400474177795366     
   1.3830350739551833     
  0.32028718427903435     
   7.0538791528413816     
  -1.5227442996735829     
  -5.7802190752739628     
   1.2648683638429461     
  -1.8099525420678146     
  -1.3977835629157864     
   1.4366815859509559     
   1.7021801926892155     
  -1.0081820817672895     
   2.0078988896742942     
  -2.4627857312261288     
   1.2074715990608729     
   1.9227887282378684     
  -4.7676983964445396     
   3.5719485397573907     
   2.0401844039779218     
   1.9344343196536389     
  0.67839317372016061     
  0.10182997907033976     
   3.0793214805889702     
   1.7568908068624063     
  -3.5622366025083658     
   1.8984331561115007     
 -0.45303679872313268     
   5.2734540190136423     
  -3.3293295711529813     
  -1.5572383295016827     
  -3.8665959127868508     
  -4.0253897869120383     
   3.7197451534598458     
 -0.18876036021829448     
  -5.0546004245521514     
 -0.32473586884156835     
  0.35739558711316444     
  -2.1808180066489045     
  -1.5720305689336624     
  -6.9084892076270217     
  -2.7265935864066937     
  -1.4419538103814666     
  -4.3306407048147699     
   1.7435768775193825     
 -0.59938334463166854     
  -4.9611290561417869     
 -0.30878357523266292     
   1.7879523583329973     
 -0.15467877449823078     
  -2.0331518856071331     
   5.8172507840473457     
   2.2837609296368351     
  -1.5668048508856613     
  -3.0614863928262239     
   1.3063288019367933     
   1.5768399434513118     
  0.73675743733367416     
  -1.7506781375549834     
  -5.2465240579354075     
  -3.7526155031740935     
   8.6731060867474952     
  -1.3276368290366765     
   2.2079873585375549     
  -1.8605538936471238     
   1.7530788775079638     
  -1.3292101733097075     
  -2.8016501558762119     
  -1.0011343904878067E-003
  0.62148337537747678     
   1.8755719546562739     
  -1.4152921345146177     
  0.40629269679952174     
   1.3117832681095016     
  -1.7629096426798403     
   2.9032839298057738     
  0.96349791068626522     
  -1.5336497601642196     
   2.8018519587065720     
  -4.8845765835330930     
  -2.8424262561337374     
   5.2542356157984891     
 -0.56736991112257851     
  -3.5945535191302227     
  -4.3569563919338457     
 -0.56074578658195429     
  -1.8909036546563003     
  -1.3557982327594633     
  0.41649556212893329     
  0.80296920244723913     
  -7.0916509326781041     
  -3.7747796584739648     
  -1.6174069080466231     
 -0.15060152394018156     
 -0.69628827867763410     
   4.4934653439635053     
   2.5671701980192276     
  -1.6570061806343550     
 -0.59431210160127201     
  -3.0404429379289639     
   1.4109050734552284     
   1.7331000108381689     
  -2.3427820812267304     
   3.3349705755380241     
 -0.31343820664369215     
   3.0982038111524579     
 -0.47823586281022346     
  0.80817650050030065     
  -3.9877500596756614     
  0.30392814834056753     
  -2.1152735577027664     
  0.68484333964354216     
  -2.9779584645730988     
  0.62948753928358603     
 -0.90772415093399750     
  -1.0281791238277387     
  -2.6505648265297723     
  -2.4310038118695925     
  0.36621448989403865     
   2.4261033259905735     
  -3.0201847027896691     
  -2.2916435596261251     
  -1.1318083965585666     
   4.8025292608083578     
   2.2316434588857503     
   1.4425914360371930     
   1.7709797906663283     
  0.38129042159770166     
  -7.1354606456700886E-002
   1.6801839258862596     
  -2.3084882736600205     
   5.4712482106555758     
  -6.7222303414257469     
  0.48026797131638754     
  -1.7511509178046909     
  -3.6021232094987692     
   3.0765926400603409     
  -5.6032502053351969     
 -0.83523561377764788     
 -0.10447049912837095     
   1.9833351857918577     
 -0.46522317676443486     
  0.76162536780076551     
   1.5142846267236743     
 -0.73629285583980320     
   2.9235862990130497     
  -3.6415301604016528     
