  -3.0210603156151290     
   1.2977664976570784E-002
  -2.6098948300453295     
  -5.4181723409732747     
  -3.9267300707464008     
  -1.5283360622946631     
  0.68299544944598134     
   1.4854197956639474     
  -6.5633960324873462     
   3.3457546257394464     
  -5.5306492276859478     
   2.7172768393000966     
 -0.36527108205164927     
  -5.1866910577858993     
 -0.23624348796303593     
 -0.87798715198446176     
   1.0006996699183299     
   3.6596732615819150     
   1.5673653346908407     
  -4.8044314899076230     
  -1.1002739821898657     
  -6.2517968799407937     
  -1.5412853340108872     
  0.65808934542530739     
  -5.2547878243934925     
  0.46776401568573056     
  -2.0387126581472699     
 -0.11510669584315834     
  -6.8679931150985576     
   1.5478779256240636     
   4.2544437651679523     
   1.0548182655727525     
  -1.5857258692230445     
   1.8680612174801763     
   8.0725206110653627     
  -2.5132054547413092     
   1.8913983837591701     
   5.4116179444103558     
   5.4602010177526559     
 -0.88930046414727448     
   2.7591091815362887     
   4.3430246855894667     
  -1.5750358872707027     
  -1.0153513358159272     
  -3.0106294325820340     
  0.82712047077311368     
   4.3224995194780469     
 -0.91411045949418923     
   1.3969330506583808     
   2.6337498347808026     
   1.3299624176954472     
  0.47654557912181700     
  -1.2897675215041127     
  0.19896044264265617     
   1.5579040886292901     
  -6.2732793471258077     
   4.1648534971783189     
   5.3430150602777200     
   4.3307508476426131     
  -4.2899465970181527     
   7.8083837445799116     
   1.5105680687265874     
   1.6967782003700451     
   2.0013119795585399     
   1.0051422603706259     
   1.1187035926157167     
 -0.28853571592136235     
  0.77248834413867473     
  -2.8481784670465817     
  0.14665673893116957     
   1.3125270636999979     
  -2.5587193487519624     
  -5.1794820087005773     
   3.5463305593708006     
   4.2449289810303732     
  -1.5214729875321249     
  -1.8911116050720220     
  -4.2777234810960953     
 -0.57483627428522599     
   1.2280237782575185     
  -2.8378773392716372     
   1.0201908757773506     
   3.3689068027578095     
 -0.46137803606364042     
   1.5779165351796243     
   5.3873559026497730     
  -2.9819330134876947     
   1.0690519444086408     
   7.4212042555083890     
  -6.9377602760867179     
   2.7242572425235632     
  -3.5252137222089464     
 -0.24259691827056060     
 -0.24128491494665633     
  -3.0093588659429917     
   5.4445565033828309     
   3.4698076304871432     
 -0.57587999681457347     
  -6.1012898626851291     
   2.7755373357723490     
 -0.65375657310472990     
   4.5164792121101618     
  -2.1229513074374213     
   1.8190672923588991     
  -6.6500437978097784     
  0.59612651605130706     
   4.6138352397539002     
 -0.57211682258883356     
   1.0107729379823718     
   2.6466632088032527     
  -1.9212699648361664     
   2.0246322233115865     
   2.7113316529161162     
   2.8176297179212044     
   6.6983309043688610     
  -1.2837558168778858     
   3.0549786208645129     
   2.2612067731208780     
  0.98752914504231259     
   1.2496989725123451     
   1.5452661384968953     
  -2.3693764758911904     
   3.9140524197541553     
   1.3020913337816329     
 -0.60157506662375015     
  0.42145593526095021     
  -4.6336875591274742     
   2.0354816486645939     
 -0.72356806650073979     
  -4.0781277880318116     
   1.3039630955947445     
  -3.5173767704221870     
  -1.4597417551046357     
   4.0564627322451390     
  0.96224817545437991     
   3.2928510924049976     
  -1.2960737666189357     
  -3.2729893130651795     
   2.7433293124819040     
   4.0299928799779403     
   5.1042257876190051     
 -0.24772405350667970     
 -0.46148882441181538     
  -1.6047166125512653     
  -3.2588283460224110     
  -1.6202079314930213     
   3.0108529289362722     
  -3.0174971982658025     
   2.6257012626380676     
   6.7002736275174099E-002
  0.15830153344609790     
  0.46286734592509660     
   1.3512149119058812     
   3.3053731770979144     
 -0.97039340246294015     
  -4.5511393879669653     
  -1.6780261614344500     
 -0.79492757121046631     
   2.3378525190879857     
   5.4477297902431330     
   1.8338315775553740     
  -1.3368042005749114     
   6.4364761809623694     
 -0.49223171590521486     
   2.2587543657402889     
  -1.8411043353847811     
  -2.9115802797032471     
 -0.19306296587099325     
  -5.0488987942690491     
  0.84583339219720444     
  0.57146349046625011     
  -1.2853712186526178     
  -1.7777945194960469     
  -3.9074766352774448     
   1.1690162739317187     
  -1.0679243632399351     
   3.3930691717532109     
   2.0337581693891247     
   5.7429422115202087     
  -3.8929956036530555     
   5.6986468284719205     
  -1.3640564430591835     
   6.3764676244463736     
   2.7480621937506311     
  0.18688745648978869     
  -1.6527231771472768     
   1.9810102558416238     
  -3.4543508226045110     
  -6.3723573344311228     
  -2.9997724807511763     
   3.9218631947886236     
   2.6641242537264276     
  -2.1737631717455805     
  -2.8112088855397301     
  -3.0057113888804162E-002
 -0.68396302700849143     
  -3.2098726643254927     
   2.5870216887665638     
   1.1708198213075540     
 -0.62542236970965226     
  0.38201351713246640     
   3.8183854682580600     
  -1.1276343175833439     
 -0.63350056234224317     
  0.56433922503237521     
  -2.6309887686812194     
   3.5852996115808611     
  -6.3042650201816102     
  -7.2763258361087209     
   4.7348566322214323     
  -6.5750809654166904     
  -2.3755129408733149     
  0.20769314597448446     
  -3.6414801388284115     
  -3.2805211173752107     
  0.29171010177978896     
  -2.4433885153880261     
   3.0247985690998509     
  0.99706094986479576     
   1.2005827971990972     
   2.8024875209829077     
 -0.31785532833805547     
   1.8088502182092647     
  -3.0576554828632414     
  -4.3536494012796965     
  -1.2644983399876040     
   2.2233594169373472     
   2.6260424701162108     
 -0.37310085207657018     
   1.2661281917603160     
  -3.4828711392011060     
  -4.9847555157692351     
 -0.24973182836149191     
   4.7071268647948408     
 -0.96179024151599657     
   1.5650401276407298     
  0.56287856590871033     
   1.8637096325458324     
  -3.3175145100302075     
  -5.3130723203248724     
   2.1402458294227649     
   2.9843948899331680     
   11.580834386126062     
   1.6398013769209769     
  0.25009783009743281     
  -3.0351421559797660     
  -3.2633698436318896     
   4.4447966842727675     
  -3.4571764170649568     
  -8.7582930125994829E-002
  -1.3723170795352202     
  -3.8125314018285037     
  -1.7610750198536003     
  -4.2571918930958965     
   3.2533093638154762     
 -0.49026793116150863     
  0.70249607768306921     
  0.48909663876936643     
   3.8388036399374776     
   2.6067163314028492     
   2.8648546666171675     
  -3.4291420376594819     
   3.9518432676283832     
   1.1657116889961678     
  -2.8476313420847719     
  -2.4774819379071151     
 -0.79050820419441392     
  -1.6846934232323163     
  -1.8846171972898083     
  -3.0351957742522844     
   3.0309592136277090     
  -4.9868830178357104     
  -1.6903842547255630     
  -3.0250498373702275     
  -6.5333904108681082     
  -3.0095359660587109     
 -0.49175166250848723     
  0.80231908549378594     
   4.5904435455373385     
   1.9387684430467622     
  -4.2981881910545541     
 -0.20459609721173747     
   3.1738860052037229E-002
 -0.87840356086740545     
   2.0789895340651845     
   1.2780065375351990     
   3.1768335194118231     
   1.3938164695079687     
  0.85435174403748781     
   1.0470624468126419     
   1.8706558977228844     
  0.53941852064034324     
 -0.96922503875779142     
 -0.37080771596808715     
   2.6585728004658518     
  -3.3580486757064851     
   5.0183933787736388     
  -1.0857927025864611     
  -1.2344208151112823     
 -0.25685910760442726     
   5.1058246975464909     
  0.54854175062563570     
   2.8820141635625713     
  -3.0545765374892873     
 -0.49375528821480685     
  -1.8714193838110391     
   2.0084914412332533     
  -4.4094479602668750     
   3.2367185033972650     
  -1.1845450158728967     
  0.96185370234287826     
  -2.6608234418930619     
  -1.0912505191176400     
  0.64737502071663422     
  -2.4541650607557313     
   3.8822091237639564     
   1.2139130896166646     
  0.83809635473159250     
  -5.0238446524975942     
  -6.3852903584220115     
   2.2210383171901769     
  -5.0651995007521311     
  -2.0704100514779777     
   2.9651749440101680     
  -1.3207234791414892E-002
 -0.76805445196011768     
   5.5030301908827424     
   3.2847784359210750     
  -5.7551558065217154     
   3.7860078353781894     
 -0.49161102408608220     
  -4.8765505344710354     
   1.8570776503097504     
   6.1967036876793369     
   4.1027956017390244     
 -0.30193410292110379     
  -4.4251255483103122     
   4.3165170120537804     
  -1.1919139374401160     
  0.98884016612932213     
  0.29294174727444688     
 -0.65065855468263489     
  -3.6539303166486823     
  -3.6418609750569177     
   2.8281702638087700     
  -5.8276351731866969     
   2.5008914129535191     
 -0.13316950992522034     
  -1.8868359884799555     
  0.93094439017696939     
  -1.1626573255889947     
  -1.2599272159156889     
  -2.2342151133341517     
  -3.0152270531732568     
   3.3535541819246664     
  -1.7990393157822191     
  -4.7651852123187259     
  -1.2145909855260821     
  -2.4046645984000485     
  -2.8677161169733192     
  -1.2642884791462530     
   3.3030059666402147     
 -0.53296388388081573     
  -2.5110621588018853     
   4.9749427565927240     
   2.1502750814197715     
 -0.88174603506029725     
 -0.72597188007114766     
   3.9136350155042114     
  -4.7401487365865718     
  -3.2238547044653720     
 -0.45291125436398960     
   3.8306105772996824     
   1.2220588662698140     
   2.3511119907546685     
   1.4681610038532009     
   3.7636574576561510     
  -1.9797891761694735     
   2.1645411452149697     
  -5.9341283371173761     
   1.3399985359538629     
  -2.5213164642108694     
  0.77393845745716749     
   2.2834225818849565     
 -0.87630127922245515     
  0.56946629713656416     
  -3.5271850756049834E-002
 -0.92812404271528870     
   4.3517979594287812     
  0.51060746335162710     
  0.80525642953601284     
  -5.1900071309861175     
  -3.3153539284867666     
  0.52062086481176106     
  -1.2222343148359214     
 -0.42931221501612926     
   3.1834464996757998     
   3.3889587067486731     
  -1.7924349594202129     
   3.2634689174424416     
  -4.9182950652445383     
  -1.2659420106761892     
   2.5749463473653651     
  -1.3895121511944859     
  -2.5658158081718017     
  -1.0598544661190623     
  -2.1467847099943165     
   1.8517026154898637     
   2.3191675718455258     
  -2.5600221728169856     
   3.7851786898697357     
 -0.22392740088155838     
  0.17124368120044198     
   3.2229671733433154     
   2.6070128682209943     
   3.1190381848532764     
  0.59281991624574504     
   2.2882457059848123     
 -0.17979050425653995     
 -0.91846689099076662     
 -0.95541218066851652     
  -2.7456244196529291     
  -1.8808554491788798     
  -2.1789809931935169     
  0.34939604080796810     
  -1.4750712322632133     
   3.4648925078628436     
   1.8574668982499811     
  -3.0426780462264036     
  0.70348784344715742     
   1.9674052374260349     
  -3.8752552759421799     
   2.8591894226692314     
   4.9488821419169753     
  -1.3209155828975006     
 -0.67603652600622344     
   3.3423242077643764     
  -7.5452297919077980     
 -0.36383232539088539     
 -0.69474494290049649     
   2.1641240096263261     
  -1.7609503185919036E-002
   8.5540195089022178E-002
  -3.8469751391910707     
  -6.0740379198706806     
   3.9373246477767254     
  0.59217986183519944     
  -2.8746627921259909     
  -2.2201192568065515     
  -1.9344912002968222     
   2.5839058254143770     
  -2.9085201436116224     
  -3.9700191646655663     
   3.6318929449183921     
   1.1063564230573140     
   4.8260188434031948     
 -0.15248032764751426     
   2.2625877830795265     
  -3.2547941457253704     
  0.67581845345169389     
 -0.40174866884234767     
  0.34877774140935680     
 -0.43721048960525405     
  -4.7786678296885530     
  -2.5295458903862209     
  0.67950241146533308     
  0.45707260879696537     
   3.9921235722766402     
  -2.4102657419286984     
  -1.4668335380101514     
   3.1975588947391311     
  -3.5679022420278890     
   1.5700359489550368     
 -0.64924922615835612     
   2.7526370489231566     
 -0.96769466241653046     
   2.9845987701990122     
   1.8490584251599891     
  -8.7399677557057611     
   9.2730479514117441     
  -5.0616605141380866     
 -0.26716109967105212     
  -2.4658056356314422     
  0.94869970807799420     
  -1.4767267053301447     
  -2.6454486033636435     
  -3.2970395584361687     
  -3.0815325189868350     
   5.1215184272921261     
  -4.5298457735596749     
   1.7739810472978246     
  0.74959236412926056     
 -0.94999326430349951     
   4.0465876775986986     
  -4.6397713531441571     
  0.55482261600674976     
  0.10085104873780899     
   3.9972788585219745     
  0.16079808706913226     
  -6.5594212501192608     
 -0.88936148928366532     
  0.78708189099347503     
  -7.7249484243016336E-002
  -4.9313070147913567E-003
 -0.49967931754495581     
   3.6031757698188827     
   3.5691954612076513     
 -0.34889334009728168     
   1.8993568287165929     
  -1.8168150493295951     
 -0.47300366907547431     
   5.5583564338362033     
 -0.95282710021028161     
  0.43782450285673297     
  -4.8207967847642088     
  -2.4122985209020493     
   3.2291040236696378     
   2.8555515360766641     
   2.5250374632574992     
   2.7991586259082863     
   1.8321659903080108     
   4.5151286373766926     
  -6.4979054318862168     
   4.1314579563351561     
  -2.6106767084167104     
   4.5367261817128064     
   2.7473401639294961     
   1.7141659715734257     
   2.7326726965452237     
  -1.3149094278120788     
   1.5031256929965024     
 -0.97076327041256927     
   1.5227344474230153     
  0.24574076832203490     
   1.1247732797229257     
 -0.60105681238261177     
   2.1910280512674429     
  -2.1251651783999481     
   2.6425155623901437     
   3.8182839556646218     
  0.60143216455251247     
  -5.9297755327779829     
 -0.24800513933186730     
   3.5827349363722187     
   1.7925892002999086     
 -0.78765498253251942     
  -2.6466300064056529     
  -2.4479275035513575     
  -3.4676074790304963     
  -4.8051115371948736     
   4.7464353281982987     
   3.5629692110105164     
  -5.4784294529363864     
  -1.1656789937556571     
   2.8018905554967422     
   3.3565822556500455     
  -2.6683299706668855     
   1.0850982368849496     
  0.57166250423079368     
   1.5329928913299700     
  -3.0333465112645186     
  -5.6806344602456509     
   2.6784958525701965     
   3.3746924369342470     
   5.6251254635646886     
  -1.5059445865566752     
   3.5897422664571508     
  -6.7795272087510439     
  -1.3509898970769012     
   2.3234681919757332     
   1.4754692832514349     
  0.19930985127376152     
  -2.3115015160258494     
   1.7507793022656661     
  -2.7788380182606423     
 -0.21468464351891969     
   1.5040302479755172     
 -0.52549606806948468     
   3.9543557771537130     
  0.81622085091240659     
 -0.43066382005305281     
  -1.0159454795751188     
 -0.40241018480395863     
   1.1639807721516517     
  -4.3702142939796325     
  -1.4700642108293402     
  -3.8647995093912977     
 -0.51123010636025623     
   4.6601017030612404     
   3.0468596356308848     
  0.98326579446734719     
   1.6779540221944464     
  -1.3020603442897758     
  -3.7776233761882025     
   1.2798581813902030     
  -3.7158435417327254     
  -4.6070813485821098     
  -1.1037734152239083     
  0.40181442181229687     
  -2.9284812383251255     
