   11.028418043517643     
   8.3171880490989771     
   7.5381171339418414     
   7.3327643541463754     
   13.418441506994458     
  0.58784955855321586     
   8.6626749103345677     
   13.037449317767045     
   12.777276051647995     
   9.6408615126686996     
  0.52618150478879788     
   11.818620725883424     
   3.9655949846965464     
   7.7433966346591427     
   9.5788504791764399     
   13.584466807425393     
   9.4863512754104793     
   8.9059315536237644     
   1.1020743942963149     
   6.2920522818014746     
   1.6799543307270211     
   9.2272037186695570     
   1.9948891263038655     
   3.4904487268906248     
   5.4478333812229254     
   4.8910389451656542     
   3.5498977671987331     
   9.3114366702126805     
   11.142902926401947     
   5.8147622067889211     
  0.76386461838829511     
   13.835694241287261     
   14.496282340961798     
   6.5913199536844918     
  0.40822013631516108     
   10.266179800674466     
   12.317885858528570     
   3.2231799832231371     
   14.287715794568950     
   4.3416394050323488     
   8.0784083310891894     
   9.3834969750657340     
   5.6620504691211916E-002
   7.9391564068304925     
   4.8529771433151829     
   2.0946192755151252     
   10.361291843944453     
   4.8478385626343705     
   1.5482354849297484     
   4.0820790862062815     
   5.7423290376267113     
   8.6740045634632779     
   13.543475652351894     
   5.6085087182633906     
   6.5232766711613452     
   3.1360482993144991     
   6.0034841008803186     
  0.86835082219694304     
   2.4174123202824989     
  0.53175966368591854     
   11.374006287946143     
   12.016276657229456     
   14.782408942802753     
   10.236531943161394     
   8.8197498484725649     
  0.63599594089376399     
   6.3222945396474097     
   11.648107976421429     
   7.5361573206543957     
   8.3209456412927967     
   9.4060925853714448     
   8.6431400233619993     
   4.6948130426683656     
   1.9012163228513159     
   12.336965455525144     
   8.3028286643355802     
   6.0918719968944970     
   12.961501737075471     
   1.8786774043422991     
   5.6044665821693807     
   7.7641185719172476     
   5.5694650878539305     
   12.369700733269820     
   12.405597153657851     
   1.3345795019580837     
   8.4671965112991447     
   12.104165192617220     
   11.263900763205335     
   2.8149858214873222     
   10.342795445061203     
   1.2419273928737162     
   9.0136786419244999     
   9.8767512030439093     
   4.4149277809486973     
   13.685595236151062     
   12.289757021074406     
   6.7935524141301542     
   7.3893898259230859     
   5.6058244070633725     
   6.7586527789572717     
   1.5736800632701777     
   1.8569341478816803     
   9.9424197834409735     
   10.354382203060929     
  0.85915742880819301     
   2.9518191090611996     
   8.0493284342272808     
   7.2863194422346105     
   6.4904497333338318     
   1.9918084625912926     
   8.9613934192591511     
   6.2591650763175037     
   13.505310567860304     
   13.412139745825760     
   6.7106497685234574     
   11.739922839656517     
   11.439936303534072     
   3.2621163595905309     
  0.20396606880375850     
   10.703594380835225     
   5.9171539245861098     
   5.8042042221439392     
   14.550034355788149     
   9.0029779276234372     
   8.5561274174657953     
  0.46627989646432627     
   5.9140210276396417     
   8.9056415509000928     
   2.6640725068460389     
   12.403694925531610     
   7.5778852389926268     
  0.37746623966749188     
   3.8201253211814845     
   9.4099315406899340     
   2.1205263348138690     
   6.2970292876327152     
   6.0688872291989417     
   14.846106740111187     
   11.953612454712021     
   3.5832222106135689     
   1.7351382673515947     
   2.0275435652279943     
   3.4811597940437409     
   1.9823350055907751     
   1.8835695475066050     
   11.515391403144951     
   2.0353915667679296     
   10.414244666757178     
   11.827943482089339     
   13.099598514658886     
   4.5809936540699443     
   8.7125581155150247     
   12.484129698122137     
   12.167506546755529     
   8.1052630190871291     
   14.169387155465317     
   10.783318763024935     
   5.2378586925510495     
   13.166263661494041     
   12.596041115326654     
  0.19546932399728192     
   2.4873100669937411     
  0.66568794540266518     
   2.7082050091472847     
   4.8345246113431584     
   7.1089408082958983     
   8.0961726962376641     
   5.2762928069635473     
   9.6288411293862950     
   11.009923520212544     
   9.2245236078546977     
   9.8623398330313190     
   10.274483874613699     
   8.6520758609468622     
   3.4285722722839802     
   13.049795365304174     
   10.190791973069649     
   9.1662710831514520     
   11.120257403137680     
   5.3224509883123554     
   9.3504931400113502     
   4.5981408342576353     
   10.245953857368033     
   6.4225774343841762     
   8.4973701032155589     
   12.447335035320172     
   2.7651825493490625     
   9.0058536848521129     
   6.5736792096905763     
   13.363152389594871     
   4.6903563679421305     
   3.2093946409479694     
   1.9525605805738311     
   5.1656652424537928     
   5.1165803581221283     
   3.7033428743361743     
   4.3423742302722133     
  0.28767476163739325     
   4.3440209061377448     
   2.9080335423204495     
  0.46456567404647686     
   1.9359794129988821     
   13.343085857864114     
   4.0975741602790237     
  0.84492043694670049     
   10.861534594431866     
   5.2612950295852130     
   10.480185226477520     
   3.8643801634328785     
  0.26267663479747666     
   1.3136588284193005     
   13.317089270708070     
   11.046504754463861     
  0.13975413224207794     
   8.3673251915725348     
   4.5568067185212398     
   12.298139554105546     
   4.5349766948139623     
   14.286891817387060     
   3.9996960000069199     
   5.7674840213791425     
   7.1490872923963220     
   9.2710780976112179     
   6.8055679380618903     
   2.9838207488294204     
   14.497443016597055     
   6.1653912348261288     
  0.28294659103166192     
   6.8554089328206080     
   11.299163988465287     
   12.784916566153489     
   12.046323224742546     
   5.0702706562743103     
   1.6976151182899613     
   4.5638002350705040     
   13.807686936091510     
   4.5817797920541992     
   10.985846765626755     
   14.708961516539800     
   10.691032715089113     
   8.2130509193583325     
   10.237730488804704     
   12.070385610090653     
   4.1631282131555523     
   5.4382554723399696     
   10.931467009457252     
   1.5808941654618138     
   7.6082268503924837     
   10.824477642030224     
   10.089516179616130     
   5.0643382389026739     
   10.718650663988511     
   1.7717632671394725     
   2.1423226004675380     
   1.8297370323980582     
   2.9141147710913926     
   5.1948476702526838     
   7.9248753183627514     
   4.4704952936921698     
   10.131175720296925     
   7.4771615504629780     
   12.707341640722724     
   9.9193452296078650     
   3.9557362309098831     
   7.7799831111803511E-002
   14.946114454389303     
   8.4943123021764197     
   2.9453208052259852     
   8.4225442512537541     
   3.7900386174209877     
   9.7162174424227583     
   3.3346921495287840     
   14.224185652305398     
   9.4830398757909133     
   3.5277593569871457     
   1.0653685563225959     
   7.7396570227301495     
   14.192443546126183     
   6.9670088641851642     
   3.0815045642176364     
   5.1222912767961564     
   3.4698541089019623     
   6.7464743590547220     
   7.8822913510155068     
   4.6922044051644578     
   9.8601935171941530     
   6.1159254310678195     
   4.6105322944774283     
   10.244331423837338     
   2.6469044389653327     
   2.1531797775260997     
   4.8563118442986584     
   2.2401204489641033     
   3.0346740200165332     
   7.3730856157276454     
   3.2727956323147454     
   1.1197719314106007     
   9.5919776921743356     
   11.063857522213151     
   13.071807732501547     
   2.7207373674547926     
   8.9072228756196132     
   7.1387731904689726     
   11.826349794019151     
   9.9963554119831937     
   4.5428707281400369     
   14.372383509941551     
   12.440789298243116     
   14.542138642665455     
   1.6134954551017475     
   13.299396639010430     
   3.4714332248048043     
   1.3037959867513371     
   3.7649785391897739     
   5.1081149867651057     
   9.6393719906665414     
   14.864383547194322     
   8.7389249937251652     
   7.4470527588860334     
   2.3584653157594788     
   3.4154751422752097     
   7.8201866457467286     
   3.6731650531714770     
   4.1149999197812726     
   5.2796195296484498     
   3.3275357191765784     
   9.8762154689108748     
   7.1979368955324547     
   10.959521135161470     
   2.1435326407729578     
   7.4785047365579445     
  0.72249124878239057     
   10.469915944979762     
   14.518603993863822     
   6.8140036236332238     
   8.8596576758600527     
   11.538780359871602     
   2.1205218586296382     
   6.2600997309114383     
   10.123876033144452     
   14.322691791478000     
   10.411675529069834     
   10.720130315856172     
   9.5132757098715466     
   6.7276854471224823     
   6.1924633199210204     
   5.3953160168674623     
   2.6206457705508601     
   7.5017504962980830     
   12.625259802529676     
   5.0108411353820106     
   5.6531942750683601     
   2.3600778751665112     
   6.4453755063856573     
   11.272672690793611     
   7.4518554696331556     
   4.7465817843239897     
   9.4490461623303936     
   12.723092568875945     
   4.9095144809290314     
   3.6895949892208217     
   6.1734264135901009     
   10.932034884509143     
   11.431085947578602     
   13.291634581749021     
   4.6575871697248168     
   5.8431923606599963     
   1.5568765310982942     
   7.0084136245532704     
  0.80667977280061121     
   2.3574290372073166     
   2.0126434665675927     
   7.1451853763850410     
   13.901803645600543     
   6.3719945015041990     
   7.0799238049685460     
   4.8694072150690184     
   8.5025144769446914     
   2.4022483440734406     
   7.8318069825220400     
   8.7274901887243264     
   9.3307804590971504     
   3.1915535219352589     
   7.1838587299539602     
   10.027401962955809     
   11.202339463639023     
   5.3746653843040963     
   6.7389651539309821     
  0.69831816608207964     
   6.5834654106212627     
   12.996876591053633     
   12.165846064928742     
  0.80363838314703406     
   11.293447061986846     
   8.1148107585055822     
   5.6202627952250266     
   6.1396247541274427     
   12.441525526911802     
   7.2874093722424247     
   7.6997011500868453     
   9.2098968950655014     
   9.7686957327393991     
   12.490922271797047     
   10.532228978620600     
   6.9042143469104866     
   9.6249036008433890     
   7.6556641680921524     
   14.050994514583445     
   9.7407249354178536     
   11.406613124255312     
   4.8013782827012284     
   10.920857393087811     
   7.5412450370417199     
   7.1258458606493473     
   1.5291288228927609     
   8.1998988488773268     
   12.060523867446145     
   9.5425035468707033     
   8.5299315071071060     
   9.3443071167069878     
   5.0847899152382867     
  0.76771339585939813     
   9.3763918197676972     
   6.3000570520894312     
   1.0779782313074548     
   10.316264024692284     
   7.8070013900121360     
   7.4760465524609137     
   11.224745222913459     
   11.735128535747926     
   9.1178725029536540     
   13.627530916044114     
   7.9458301631392851     
   12.446980940373013     
   12.424319584025026     
   4.1731581508366995     
  0.73770188053848329     
   11.263178966105627     
   1.1841017522734747     
   11.839846443337002     
   8.5939087857271339     
   3.3146808182057792     
   3.0100229841724073     
   1.5769835131490118     
   13.135113092786582     
   6.4435468785288972     
   14.200017126930495     
   8.9684889003861876     
   4.4564195782329978     
   7.7452419550189138     
   6.9421265371774119     
   4.5910692687775585     
  0.77023302922439185     
   5.1647691116607710     
   8.5503197582227735     
   11.362133530738554     
   8.4173167897065877     
   2.0337185674541924     
   9.1357179399163613     
   8.1200941974979877     
   1.0778226007124621     
   14.260413191666629     
   13.959523982947930     
   7.6890850278897025     
   10.845244063388387     
   1.4664418137898401     
   13.421121512320926     
   4.6344544442396867     
   8.3644049091803083     
   7.8881570303498165     
   2.5275186039558597     
   12.297859399316762     
   7.6095984310905154     
   2.0726725926466139     
   9.0346110297131990     
   7.7158220387230960     
   2.2886111226685664     
   2.5675258080802572     
   7.2343048167449657     
   10.698187487983400     
   2.6368405866292970     
  0.22947346016280168     
   4.7425975722982407     
  0.17566339647432574     
   1.7492016322711883     
   7.5621971456729566     
   8.7879471122727697     
   5.7078776506311852     
   14.171984916395537     
   9.7210764507739391     
   1.3444273348602034     
   7.8424290112695774     
   2.4170350892169630     
   4.2954280877336650     
   5.3663664255049550     
   5.4060874657605664     
   8.6606770322095290     
   10.557677626841492     
   4.0913253254882109     
   4.5971767361622700     
   1.8649106193248386     
  0.84378855615347559     
   8.1209800979210662     
   2.3204401237561934     
   13.097916099397660     
   8.1042907226062830     
   6.1476920670862452     
   8.7630915801005678     
   8.6281761717683221     
   5.6635513974331282     
   2.5108092243768110     
  0.87049769814296696     
   1.5546009522976245     
   4.3171551617245436     
   6.0391950596422115     
   10.809005954329169     
   2.7986924132419646     
   3.5110788888454110     
   12.608890875337547     
   7.0724046264839888     
   2.6843545078879352     
   6.4673402463428085     
   10.675069603796057     
   12.397208975003517     
   1.6366549824575254     
   7.9110579122778821     
   7.4897034889541709     
   4.6917026856125688     
   7.1680717341031750     
  0.74272870744891195     
   10.153189166325109     
   8.5868307788501603     
   3.8003804735686320     
   2.8328718490657616     
   14.516501056515891     
   8.8139939800248293     
   3.2233115095138198     
   2.0173283903134278     
   6.5599413266598248     
   10.895546596455894     
   9.2687035415798231     
   13.900140824098413     
   7.7603490420584436     
   11.160802579403782     
   12.063120027017975     
   11.354347925965918     
   4.4398881175574205     
   7.8433457895518393     
   7.8407593911819733     
   5.4527655110301811     
   5.5338004917671766     
   5.6671443476165360     
   1.2157471659890966     
   14.552656128065845     
   2.3524107765871660     
   10.261198319610216     
   9.2166620904726724     
   13.152253582567253     
   3.4578626641881702     
   5.6172098908408179     
   13.340886233361921     
   4.8110475240075292     
   11.098128549990227     
   13.812058812957646     
   14.690540118499637     
   11.721882327758562     
   14.811359578273356     
   2.7614329449934303     
  0.51129731033233494     
   13.837186632921080     
   7.5907849485338303     
   3.7135491707948276     
   9.9032169884032655     
   6.3230451058538408     
   1.3437132513387371     
   5.7072086108581992     
  0.26275442016753925     
   2.2395607655942267     
   5.2865379749983470     
   7.8580992666376801     
   4.6609174229013330     
   14.175421568818400     
   8.5397051973759464     
   11.448291489326706     
   9.6029190631600159     
   5.1204080924477413     
   13.521890318465935     
   3.5252497582589579     
   4.5143082085561188     
   4.9958223182901040     
   10.955847969926470     
   2.9851888690908028     
   1.1161442795719716     
   14.695204318249925     
   10.251047568596197     
   7.6125294015987599     
   6.1729278847394244     
   1.6588185960810657     
   4.4524045828541139     
   3.1595354883281601     
