   6.5137282712421936     
   2.7990574766770093     
   2.9237868537005327     
   10.712147085163403     
   1.5268980517008783     
   9.9208548948234423     
   14.851017895067356     
   6.0401373809617205     
   4.3835245774811318     
   14.866488807924704     
   5.4000186064825471     
   2.7672301127045906     
   12.267369509078017     
   14.908966050463395     
   11.974044108367197     
   3.2720176093147129     
   7.3100292412660295     
  0.38806308665157546     
   2.0813460085666833     
   8.8378775768588227     
   1.6727806233631806     
   1.0724178185145377     
   2.6753928524754573     
   14.284463213030596     
   14.319973486365383     
  0.13184180634112910     
   13.417754315370251     
   14.211847335106048     
   3.1689041098509021     
   9.6776930957133569     
   2.6450927851250232     
   9.5567938659211809     
   12.812500701440781     
   6.0211127254486136     
   3.9878625547335758     
   7.9698172763890538     
   3.0781973965774903     
   6.1655755904203424     
   10.104163340924641     
   14.958280288351277     
   4.9380680317149874     
   10.361655137609763     
   5.0097892356835727     
   10.924556984302162     
  0.19680687362042024     
   3.7164116583910292     
   13.049601289705327     
   12.599063670851367     
   5.2101134122116690     
   8.9149718155648401     
   10.701722251661892     
   6.4564394963248688     
   3.9196905571892375     
   3.0765306919110058     
   13.163532756355854     
   12.007415087154122     
   4.4218958041250520     
   11.009933503318408     
   10.737887693215884     
   12.156898217430514     
   1.9674718439116869     
   2.6458157158095070     
   7.4603606161373417     
   4.7683630966671933     
   12.899902025544169     
   13.441959243909494     
   5.8787864923729458     
   9.6368320478071201     
   4.4479339104203985     
   14.566236125292415     
   8.5748720060875900     
   12.161860936566464     
   6.4897271430743846     
   12.391776914290448     
   10.390739824273361     
   9.5038025764159446     
   8.0913168117284933     
   4.3104862699505224     
   13.348990547331063     
   13.285941879842365     
   8.6901386274839041     
   6.7058565945818707     
   8.7821781078763586     
   3.6446354410058648     
   10.718661467822692     
   8.3475227464017756     
  0.97559666801466971     
   1.0025234787117143     
   1.7956238476168715     
   12.894134282730883     
   8.9431806473441267     
   8.6955986653575543     
   1.4759548739964738     
   7.7384290142202055     
  0.34589699604979207     
   10.984852311113791     
   12.333034839676971     
   6.3865533406805710     
   11.709235893396311     
   5.6577399779377062     
   6.3379976144970565     
   2.6184981329874129     
   10.281352253452454     
   2.4629058557439212     
   13.106249840256623     
   1.7959598154965564     
   8.5358120180643873     
   8.4727080398602705     
  0.29294061961593199     
   8.0374335827358205     
   1.0014742202540436     
   7.8238778241872078     
   10.075252768338121     
   11.302700801314703     
   9.0633070191421758     
   7.1936165436431425     
   12.587517554921359     
   6.6121755672649289     
   7.9018861219660943     
   1.2493793682017047     
   1.2705460809120930     
   12.304056176660788     
   13.642334503865198     
   11.310087508493947     
   6.6481978182209405     
   13.069241461828357     
   8.5820494862002512     
   6.3002308678217798     
   7.6000224889843970     
   2.7590671554614459     
   14.601804429722995     
   5.0581387549195389     
  0.66627076840021537     
   2.2363630359391675     
   12.371376328566436     
   13.459957708016400     
   11.993623915688133     
   2.8254861203369783     
   3.4836407199364059     
   9.4328658510687351     
   1.3803210345183901     
   6.6537202671125915     
   9.7102976023527425     
   1.6922848440785043     
   9.6817766589062391     
   5.0635934701399474     
   4.7117732863584454     
  0.43315462726333359     
   6.5018517930081288     
   6.6189472616522789     
  0.59450321788727656     
   5.9251974259223763     
   12.060019394033842     
   9.1882799719673880     
   13.276245265055609     
   1.7585981063681619     
   3.9251082713735830     
   14.169903235884741     
  0.23536797542799451     
  0.53867088227656001     
   10.237710246018631     
   13.450984922073934     
   14.241741353718353     
   5.4843331454505231     
   10.797086169864107     
   3.8428756494926484     
   14.318714466789533     
   11.856648738359782     
   3.5464478507413784     
   11.076468525744591     
   12.461520109900432     
   8.3605331995912664     
   2.9582535742276312     
   8.0629385982638659     
   8.4108221367816505     
   13.310852447836393     
   7.8859793186277676     
   4.6755688759968601     
   13.572686985816292     
   10.927212297838203     
   3.7960239017188524     
   4.1424000359527131     
   11.052646224456561     
   3.8901036229590207     
   14.301451451531610     
   1.4936464504717599     
   14.322673564339052     
   8.4389517120032451     
   10.821197649195376     
   6.9107589436713521     
   5.8963166666923801     
   6.8107875469914267     
   9.1440646496439513     
   12.129586710631346     
   8.0216842302984883     
   11.789438789950042     
   9.0150606374762052     
   1.8126929859304373     
   13.549837332850938     
   2.4226120796925752     
  0.37663171732343576     
   8.3833715251121284     
   1.2636475555326536     
   7.1134118327212157     
   6.8929854829184540     
   8.6938206591935163     
   10.500215763214996     
   4.8990231234342803     
   4.8650613166561421     
   1.2006487321620536     
   12.201229175187747     
   12.904629340878182     
   14.112940199950010     
   8.2485795640375876     
   5.8505590498623334     
  0.85235207081033726     
   9.4237547341191750     
   14.388501770566840     
   10.582790981207033     
   13.722970817421512     
   11.702214702595665     
   4.7300441977558156     
   12.071756414999076     
   13.857389519573214     
   7.3094783153744567     
   5.6298724836175351     
   8.6981282496817229     
   6.1035631112304527     
  0.70210892941295089     
   7.7350943260526988     
   3.8144380656363865     
  0.18184665592218982     
  0.90946430313517435     
   9.7942953851288248     
   7.6783369802375248     
   8.0418744817279020     
  0.92883264216795070     
   6.1360166482967422     
   1.1129361948782270     
   4.6388984438685794     
   7.1105670951502331     
   11.034215589079956     
   3.6094567957971786     
   5.8897082255682438     
   1.6272750953690580     
  0.50763444113621448     
   3.7259699711528431     
   7.6216042190130873     
   1.6236573971120347     
   12.707649797182430     
   5.0539073359801137     
   9.0525812163724186     
   2.9380910693631725     
   13.355176145514930     
   4.8156517253083457     
   4.8362903370261829     
   8.2103701283698758     
   6.3030620231096517     
   7.2638423746399692     
   8.1537392765129439     
   13.924155393910834     
   12.896713024707536     
   6.2045771686103750     
   1.6090394337215392     
   3.3553583328004040     
   6.8912585495675911     
   7.7173289240784202     
   14.048523308583979     
   10.458555860296395     
   7.0581262298941150     
   4.2637341606348631     
   1.9069153984247891     
   2.6749178819886739     
   8.4290458656056764     
   12.797978176566547     
   3.7898093511999491     
  0.66752546755685949     
   2.6150911035836866     
  0.55318021743087131     
   4.3656929402879214     
   13.516960155565540     
   10.395502780903325     
   7.7645998508820311     
  0.34538735411600918     
   5.2146254220600694     
   13.215270212247779     
   4.9729159106499834     
   13.237337004166307     
   11.246129422815388     
   2.7316609581834301     
   2.8099141254368001     
   11.513207168175438     
   3.9395914820436948     
   9.3346502105891123     
   14.378452210179294     
   2.7296806724520857     
   12.560816658314030     
   13.945086970166459     
  0.54443845781378142     
   12.512622480373054     
   2.3719017725344234     
   13.177407701327505     
   4.0907737122313454     
  0.96115224095218843     
   13.614402365262325     
   14.706788006373477     
   1.5428974029173410     
   1.0432554445092692     
  0.13711571489344176     
   3.5484127346840046     
   13.667885891800656     
   12.565441177406479     
   1.0131909446201561     
   5.3017229581087904     
   11.205407311848626     
   10.611830986415796     
   12.472228466469115     
   14.221143394775636     
   9.4751329868197978     
   6.6667850840341609     
   11.128910767118592     
   8.2575859274835430     
   7.1633948673973871     
   9.3589343118809243     
   1.1734260558657506     
   8.1238282316589565     
   8.4347128924926729     
   14.810655699973710     
   5.7974442321039854     
   8.3838778509098510     
   1.0376123762769049     
   10.512571848573405     
   3.5710313489654242     
   1.2138057933479998     
   1.6898051954708848     
   2.5208023693561312     
   7.0847797360546663     
   13.254918044013452     
   14.035014507885723     
   9.4459205594213316     
   3.2771564264253330     
   5.4435665326795428     
   14.127612791057118     
   6.3882958619586008     
   13.685236445658132     
   11.778820951447267     
   5.7244406537268659     
   3.5794381361332013     
   11.850232592992123     
   14.842626334661475     
   12.186956559866630     
   3.7575356146279235     
  0.87409217071378986     
   9.8211045495690428     
   10.313966024150652     
   9.6754158730455462     
   6.6423781694542940     
   1.1168143426806114     
   3.2588391437096900     
   3.6171346504650264     
   14.744530750419603     
   3.9530666794875633     
   3.7568508178296205     
  0.45452113037756081     
   2.7066427137495972     
   8.7421761980900303     
   4.1828933703162896     
   9.3035169402416233     
   5.1597880649825512E-002
   1.1658881995229085     
   6.2143660165150223     
   4.2793044501866069     
   6.2355116986116244     
   12.445031126714548     
   3.9564632515296680     
   5.8398100937028827     
   8.9254025128170635     
   1.5399283278155356     
   12.299197520100181     
   7.4262294782583700     
   10.610859468959811     
   4.4803557719814400     
   14.093673810526202     
   9.1170575411981236     
   1.1207815815219742     
   8.1720180632714587     
   10.570859473738810     
   7.0123988668081161     
   3.2724255898425341     
   13.090268254952949     
   14.062739291281037     
   13.257853163055737     
   5.2579072676344962     
   1.7715629920403040     
   14.369588138617377     
   6.3923236636173080     
   4.8762533343152006     
   6.2691216172276389     
   9.8403282885024730     
   13.356811101397433     
   4.6396226200523172     
   7.7725672510581223     
   1.6996580763076670     
   14.931737270184101     
  0.43542997477991985     
   14.478310989884857     
   9.3097122045464271     
   7.6205433631998929     
   5.5127432819107263     
   9.5311049165606434     
   12.648829366036651     
   5.8985143169358922     
   8.6628378348678652     
   11.184458830747932     
  0.29236872273754450     
   1.7109096737940990     
   14.424106348784523     
   6.5090013671495424     
   13.431735954257880     
   9.5677143535020388     
   2.1650663530029606     
   9.4291830457412242     
   13.502131166935101     
   9.8460383782234846     
   10.394856269662387     
   1.1613687122833254     
   7.7171770057042295     
   10.035358047329906     
   1.9609959475932843     
   4.0816875073913010     
   7.1425486408958756     
   2.3416321646746177     
   7.0515060594219117     
   4.4678026343666284     
   12.096185244486328     
   14.729031195040305     
   13.718482983122703     
   4.3569403445972270     
   11.410394895408567     
   4.1538701262794584     
   2.6188030549086876     
   7.5690630808585446     
   7.0362571904393922     
   6.2370330058911811     
   10.319971272207503     
   10.522817431292514     
   6.4731283975792886     
   4.8884780526597096     
   13.739076744422363     
  0.63011656764051416     
   7.0410542086424659     
   1.5029807746233863     
   12.617034568123971     
   13.219917541547481     
   7.0578211167945062     
   3.2790970464037756     
   6.5423652856307086     
   5.3561813988164477     
   9.5430884978223425     
  0.73884924611083169     
   13.604703632821854     
  0.71516151041865672     
   12.818135683957182     
   7.3648702440823124     
   3.4185195183179187     
   6.7541364045882011     
   9.5805849753398764     
   12.765714824521053     
   10.236348481061182     
   12.921004555041694     
   9.9857441713587729     
   6.7566168451659268     
   12.193790077185657     
   5.9393883788396620     
   4.0565450620822192     
   8.3368861224338175     
   13.921415809886327     
   9.3118866503240074     
   5.8130079577289626     
   2.2482350728089409     
  0.83082542617217470     
   5.0903933705124231     
   9.4564880143483858     
  0.38978128237618398     
   3.8831842768194145     
  0.23058067009113967     
   1.6236383255393421     
  0.21880226676727410     
   7.6845454100307125     
   8.7056235228119583     
   3.3519652512483269     
   9.9679748997256112     
   14.569410097815096     
   7.3464781553971514     
   14.541496862443088     
   9.3031232449273347     
   14.229035457021631     
   8.8817776823985852     
   1.3286376600935967     
   4.1187974892652042     
   11.833828934963602     
   10.427523151157594     
   10.415948589534324     
   10.979194746055494     
   9.6520304325747652     
   14.043290590754152     
   12.660093907742050     
   3.2823968127609771     
   1.1602119208650226     
   5.0099030071951676     
   1.7490667322906437     
   1.5806218369814464     
   6.1734778802888384     
   12.221957497270720     
  0.29415936373198531     
   1.2870748467631479     
   3.5558656892949676     
   3.5831081469439110     
   6.6428685925145885     
   8.1808297639010448     
   12.837705313489362     
   3.2924476148610373     
   1.0955219983292510     
   2.8400474422160071     
   7.5424696364723660     
   3.1552565639628498     
   7.3310289450409760     
  0.88496473220910554     
   12.771741996043604     
   7.9913900226448487     
   1.4220128078495646     
   5.6363201534830889     
   11.568746401068944     
  0.50995924811110693     
   2.1056856578625127     
   7.3610702701653645     
   9.3805720194017450     
   8.6709971480487269     
   1.9025674663276675     
   2.9519339205540822     
   6.6024471702301408     
   13.344339075098596     
   7.3094698158378986     
   6.3988945787832545     
   13.437116159069033     
   1.8567336468942091     
   1.0048346288470311     
   13.594902378484619     
   1.3274843574457740     
   8.5232972553953665     
  0.76430825757520038     
   8.4000890475793373     
   7.0962381611728409     
  0.88752973365604682     
   3.9649181346192020     
   5.9053996081497280     
   14.142029503824354     
   13.851185816951391     
   5.7397376553815924     
  0.11324039004239747     
   13.310007977944387     
   3.8223603338343581     
   5.4719777172361530     
   7.8234927143301363     
   11.830900149605633     
   4.7185853562307409     
   10.767511291639231     
   12.062439988335976     
   4.5348572554764379     
   10.974288977289257     
   12.758050141175039     
   4.5663382373924115     
   2.7679131910234585     
   11.288084182487637     
   14.513474637095129     
   1.2196746734036270     
   14.968035678544796     
   14.479081679899526     
   7.0406408572449193     
  0.13147829563437088     
   3.5388227500627236     
   5.4060680637384877     
   13.831676739829160     
   5.5910225508279998     
   6.9273152513966991     
   3.2321231552362009     
   2.5755813095196176     
   4.0537491949105373     
   2.1706715023406233     
   7.2712286502180410     
   6.7121583705963541     
   4.6684058286186341     
   11.566554084147619     
   10.790440901254943     
   12.949903812543990     
   6.6366852487531025     
   9.5976703184103069     
  0.67216880732302176     
   9.6559443951599846     
   10.926012797749713     
