         239
        1447
        3742
        6817
       11776
       17684
       25233
       33013
       42103
       51173
       60378
       71036
       81210
       93053
      104120
      115418
      127059
      140089
      154128
      166390
      177636
      191502
      202427
      213182
      223633
      233473
      240211
      248816
      258092
      263520
      268498
      271703
      273119
      277012
      279107
      279516
      279585
      277297
      275271
      268829
      266002
      263339
      257850
      253990
      249842
      244425
      236291
      230701
      222775
      215939
      209898
      201179
      191029
      183477
      175113
      167186
      157706
      150377
      141297
      132170
      124280
      116136
      109255
      101808
       94865
       88643
       81947
       75031
       69470
       64888
       60328
       55417
       50398
       45426
       41013
       36911
       33662
       30173
       27520
       25631
       23302
       20661
       18500
       16438
       14554
       12787
       11865
       10630
        9858
        8686
        7768
        7055
        6444
        5452
        4854
        4219
        3823
        3011
        2710
        2345
        2008
        1535
        1318
        1190
        1097
         969
         752
         553
         572
         569
         493
         340
         268
         258
         218
         206
         132
         110
         100
          81
          57
          78
          64
          48
          35
          13
          17
          11
           6
           3
           6
           4
           2
