   13.693184023174361     
  0.74857442389239726     
   1.6157795531198558     
   2.1226695174594634     
   13.417865907456790     
   10.102969778504351     
   5.9711187240181216     
   3.3826048550171239     
   10.148165695148547     
   5.5057989961948701     
   10.810652628574621     
   11.071477442518633     
  0.30852822566435628     
   7.5097625646047934     
   9.1909741430493028     
   9.2951632013959902     
   10.781507978731771     
   1.1209654475189561     
   11.866684593321043     
   1.1247480196623103     
   7.5975862902496116     
   4.5771084536619497     
   9.0186261315461547     
   12.848119380274689     
   14.381542586138787     
   2.5121276473544034     
   4.6390823501955234     
   14.799901778030906     
   8.6254541362010357     
   11.429669949973471     
   13.231601456020156     
   10.596675588773612     
   3.3049581420622669     
  0.99046766897798366     
   1.3714950991265693     
  0.83142090662279433     
   13.576222631338247     
   9.2193855069253576     
  0.37105709453106850     
   5.9693001712494711     
   11.028723703992672     
   6.8107749475297226     
   7.2706570173257203     
   11.737741284777059     
   5.0057466501464800     
   13.105275849639016     
   10.743360169955880     
   6.2592433597741897     
   12.131607175056732     
   5.5618423885401871     
   4.6462237148241181     
   14.846843112403553     
   14.351468885212938     
   10.130653133347778     
  0.69323332869486420     
   13.663169029591680     
   9.4518928595453904     
   12.945645124193366     
   9.6535262758227489     
   7.6232352760949968     
   10.149946527382447     
   12.126952723212572     
   14.468793353616942     
   2.2801306864508017     
   2.5814587573188308     
   8.1212629418005751     
   11.248141957964789     
   12.631397905018080     
   1.0391235488460469     
   9.8214180890708436E-002
   1.1871576492818781     
   14.666851838959525     
  0.55122612219927536     
   12.637157671291943     
   9.0691189353389614     
   11.865698845405202     
   11.566505961179164     
   4.1815300574911873     
   5.8482592658504364     
   14.995225301490017     
   5.6590621076808247     
   12.299745216397017     
   12.916007346680246     
   3.1787919152689024     
   10.013038981094807     
   2.0370629818374071     
   14.322369623932856     
   4.3401454814341314     
   8.7807037098567768     
   5.0586848835630933     
   2.1171063657021501     
   10.989128223176754     
   10.950135511005204     
   8.2785952317333944     
   12.772585813737701     
   3.1977407994119846     
   12.980518285022249     
   10.683170617938979     
   5.9887270840880165     
   2.8912254433290983     
   8.2387696603040741     
   12.976713720151535     
   2.3287574474155655     
   1.8534591425882641     
   4.1434036099871179     
   11.441527392447441     
   7.5907890840456318     
   1.4851570350914547     
   7.9967289931579444     
   10.060089979121500     
   6.0805523268570276     
   9.8759796174411587     
   3.5683477840066864     
   2.0859961205875015     
   5.3823898979030425     
   3.5094227822942394     
   14.435787014131920     
   11.953980779247198     
   3.4812333373962043     
   8.1923749917885367     
   6.7265601230475385     
   1.5119128481074349     
   7.7200242131014596     
   8.6223747546442411     
   2.0826939212801219     
   12.994548581356204     
   12.633778179229584     
   8.8541426216413779     
   14.129734880465978     
   1.7925298078719425     
   3.6856599117486741     
   2.8049003149856087     
   4.9706283278777903     
   1.1413556323521028     
  0.74587020383982527     
   1.6438104902422266     
   11.193873134707259     
   5.0983050330451025     
   4.6428863313288167     
   14.859641723429952     
   13.507031034066895     
   12.314861939448372     
   5.9948006009771468     
   9.3996068436986100     
   1.2877323600241135     
   6.3460325509751598     
   10.094758619728374     
   12.874401387666181     
   4.7963297849623920     
   8.9866588808168562     
   10.317239958953060     
  0.76074360606638525     
   2.2992950912008969     
   14.277987707790402     
   12.368462675064139     
   5.7433972761746022     
   3.8411895966886007     
   12.716736773276271     
   4.8288226926200597     
   12.599958034317522     
   2.2320510257995041     
   12.863752669927438     
   5.5930149372671121     
   7.0860611446511479     
   5.3741665612750387     
   6.6222567387226556     
   13.126538537326796     
   7.0900496786473148     
   10.402179587652810     
   9.1517822294566287     
   11.638725337896483     
   12.481851166788489     
   9.4355300105750910     
   8.2988989837442624     
   1.6209638064828145     
   2.3124841546704746     
   9.6974406386018561     
   14.441656082276500     
   9.8393498779468942     
   11.789338749122148     
   7.8312613812696519     
   7.9682708481999240     
   8.4404252161477284     
   8.2013203560790799     
   14.161330420524529     
   3.7973197830092773     
   4.6087128997757851     
   7.2765642613584456     
   6.2122154760224273     
   2.2585109587589907     
   5.9679830961303315     
  0.73024732338549336     
   14.428003600343779     
  0.71609318372923003     
   12.245578797268804     
   11.122941024232849     
   9.9855837830396261     
   12.827257762841255     
   12.647350801340776     
   7.9254049598589704     
   11.892647606389200     
  0.23468904424781023     
   14.581021807170647     
   3.9643745162164410     
   7.5772416210557489     
   1.6450484054353416     
   10.433710401547708     
   6.3964066025886108     
   7.3487404127254878     
   5.9922515170684596     
   5.3603782281382593     
   7.3652397204398143     
   3.1405375503969424     
   1.7845826784461734E-002
   3.9726647817371474     
   1.5623384271433152     
   9.1963037540785244     
   7.1194415282588990     
   6.6086148451722071     
   13.930409004647103     
   3.7825985543510754     
   9.5353210925112020     
   10.383805574190578     
   7.2226949990740454     
   13.183157924722234     
   12.147891767256528     
   6.5151160202203844     
   3.6263758496694680     
   2.2864912713073178     
   6.4592170589975568     
   1.4821633823685960     
   3.5224409348708812     
   5.9792841769841694     
   9.1248902699297094     
   5.7948626983263232     
   5.3823253526572792     
  0.12369915873549570     
   7.9343194953892837     
   3.6911482602069037     
   11.084500364432060     
  0.81783759149922564     
   12.051422764010072     
   11.734599016719768     
   14.059331648590451     
   1.8697290149214505     
   13.714537304396590     
   9.0170695062176449     
   10.462232715066699     
   1.4148972185373012     
   9.7556611081257163     
  0.19913815930624323     
   9.6472153249048755     
   10.101714036937446     
   4.4804881032386144     
   1.9645673837652797     
   8.9095588954973000     
   9.7892726519840068     
   13.797919504316960     
   4.8710150399602128     
   13.607245917863366     
  0.47756419069561612     
   13.793514523130185     
   2.3180886925764614     
   8.3898205165722359     
   4.0478291404310189     
   9.1854808474069927     
   2.9735774220817430     
   11.957707652326720     
   14.935148932504815     
   6.3819334613823493     
   11.980901705242852     
   6.8742044489291079     
   12.608162471580698     
   6.2935380704664476     
   11.887979849054423     
   12.940357678766135     
  0.68452672709158102     
   4.2552625396554467     
   4.4306165360318452     
   9.8766465367715206     
   13.554477248126872     
   13.736522963008987     
   14.436582255171617     
   14.471030767237023     
   8.6088273673352695     
   7.9963906489935130     
   10.573834325561680     
  0.49019029401864106     
   5.4819872645015710     
   9.6885623524287548E-002
   4.5661753091205286     
   10.843723952670981     
  0.38398177740978168     
   1.9140664746158480     
   14.249979856771134     
   13.997210802324810     
   13.749643258134599     
   6.4673400023379433     
   3.5000382736809121     
   4.8906760801734324     
   9.7876650018183398     
   9.1367982013643605     
   13.410998008894259     
   9.2350382475779895     
   9.0358698057825091     
   1.9089152272921441E-002
  0.46657839663071082     
   1.0108449096399472     
   8.3789703786854002     
   7.5486030937340125     
   8.1620946615065986     
   9.0001507244643797     
   12.206637646483923     
   11.336970862469403     
   7.8613102586405939     
  0.97019950175483838     
  0.59234729371769412     
   1.0962649142940810     
   12.811262043669737     
   2.9098000812992812     
   9.6438193260254170     
   8.9792851051346219     
   14.499766550470763     
  0.82592991823163742     
   7.6247131047585874     
  0.47953706418813874     
   10.510888312146683     
   9.6532401758385085     
   6.9444012597263773     
   13.312169578635165     
   10.375396956036210     
   14.406544909239051     
   11.378837128041422     
   1.5672649854340439     
   3.5812472391030217     
   14.484721044866470     
   8.2123971351553369     
   6.9740299361553655     
   13.526814595669519     
   1.6991719939771859     
  0.80295867284508493     
   3.2328337422543978     
   11.091897830758926     
   1.3714723677869338     
   11.732196060844990     
  0.26847086682451515     
   2.0728680910177952     
   14.078371559502726     
   6.6459317001365230     
   13.398023083969621     
   4.6776419708485939     
   12.096033741102293     
   7.1671005940028198     
   12.301512024608982     
   12.009055042916133     
   2.7468421828353882     
   13.696694863599102     
  0.57618375018697010     
   9.9920024275238628     
   2.7695157714696070     
   2.6553263787984482     
  0.85226138864722012     
   7.5539979549915861     
   12.386601376343661     
  0.89973451402788829     
   8.9112760784567406     
   13.254461590310340     
  0.41919878254590126     
  0.26527382233994357     
   10.266242380081012     
   2.3438739623668759E-002
   4.0174797109370406     
   8.4839704741653215     
   2.0333449356916402     
   2.1203834358493872     
   4.0182408214117817     
   10.997421312009447     
  0.91853479798631421     
   3.1717801686789620     
   6.8408326785697335     
   12.567768066010618     
   1.4630761366866452     
   6.7334728030381843     
   11.913546532332740     
   7.0499917616409054     
   12.510140235727736     
   6.6774536974917735     
   11.281453848403009     
   2.3929327520730124     
   4.1676536263713739     
   1.5031263414586620     
   10.618571463254794     
   8.4400336846377346     
   11.895555192972871     
   2.1681926735484076     
   1.2751869979968091     
  0.49763927986552198     
   7.8947970666129015     
   6.3780419545961760     
   13.822312180797443     
   3.9506918207110147     
   2.5857870764770379     
  0.15497256896448985     
   14.594990781154047     
   13.584843521714594     
   2.2713146404056195     
   10.860327584484770     
   9.0532827296856482     
   4.2715411110067025     
   13.650606734802354     
   1.5698191650955347     
   2.1816703958650061     
   6.6862160421958396     
   10.951534672322181     
   3.5235826443327367     
   2.2338078855444401     
   10.546573916148377     
   5.9299358882521220     
   14.829056216548830     
   7.5350750894800189     
   3.0946360105787498     
   1.1144714088184464     
   1.6216108128657605     
   6.0227850940270979     
   6.3579236801506420     
   14.328636852602255     
   12.417459763833387     
   4.2974059559977551     
  0.49674129638401165     
   9.3766319477329922     
   13.037219797778883     
   10.689115349478072     
   11.529504799264423     
   2.2531793783301084     
   8.0292087497994533     
   13.450338809745279     
   11.828673224994438     
   12.169325785198225     
   14.962550622660459     
   10.919572789935808     
   3.8864718553992970     
   11.711588698949534     
   3.9888824006603638     
   6.1192814098956969     
   7.9799513411137770     
   3.5361049246518590     
   14.082901701703326     
   8.6498627206458831     
   6.1197877632630915     
   6.5586217970512219     
   9.3488119783284027     
   4.6794848879720652     
   11.297836725841545     
   4.6081412217702562     
   9.6423812984361437     
   14.303991211571200     
   7.8698458848167867     
   5.2986303906130798     
   5.0020855852797448     
   5.4803373449794606     
   2.6536356600433555     
   5.9318595006355181     
   8.5517343295751154     
   4.6501032438027154     
   10.273563104140527     
   3.6045538785456017     
  0.39510774164864754     
   11.652433791793099     
   10.980000489853643     
   11.231339784046362     
   13.422792373223970     
   12.762343719181812     
   10.311866006818626     
   1.5968159652147478     
   12.802950952701510     
   11.393406885174736     
   9.6470348559827457     
  0.51423339864911355     
   14.395271297089794     
   11.052677228677375     
   5.5233209776904761     
   1.4088015187310023     
   4.1299548482090351     
   1.3592458528045974     
   11.390171779897090     
   8.5405767005380984     
   10.986835333906189     
   7.2193514786561348     
   3.9708443526296966     
   9.3469289954247010     
   6.5677082670459450     
   5.2300597593291780     
   5.9598270959802617     
   1.0692787088766660     
   1.8147806001655671     
   5.3764218317975088     
   4.4825942512639791     
   6.5060665422011583     
   13.232394626593660     
   14.980606003213074     
   13.624298985755738     
  0.39038488206681099     
   13.763644013910829     
   10.768114119337918     
   12.248288597336616     
   8.5336573596122722     
   7.6547474862600744     
   8.5611672585691281     
   3.0785793374853738     
   14.146219113771378     
   12.448094802425777     
   6.7739160956498292     
   7.2164194371110808     
   7.3770969097080332     
   3.8924958160162477     
   6.1502080714023784     
   8.4759180627584243     
   13.052231284132763     
   5.4310132201462000     
   7.9968584613786717     
   10.931078079135885     
   3.3685450524670988     
   10.319527912860883     
   7.9511642683343258     
   14.347211513598687     
   2.6129021734071687     
   13.322609220225825     
   8.5369294449030431     
   7.8239628644329917     
   1.6538764941155368     
   3.8244247385057664     
   12.733981171023832     
   12.242377774541396     
   8.4383499922600080     
   13.710029934904878     
   7.3838390287771860     
   12.892552207196768     
   1.2552769963867156     
   14.067470474476156     
   2.8242573578094157     
   3.2019635073631156     
   13.524134052281392     
   7.9809299711434996     
   11.824956132487699     
   1.9853809023557252     
   14.223651811455156     
   6.9317487758393881     
   4.1174787964680135     
   3.6973333366453609     
   4.3421717809556855     
   11.058709590584041     
   8.7934799421347698     
   2.1077712958591901     
   7.3226521796671644     
   6.9122982976531882     
   14.230934098032117     
   8.0680494314314561     
   12.953165195259777     
   6.1354400991356446     
  0.32039426905303470     
   3.8796155299743069     
   4.4862053590462647     
   5.2311166472542912     
   10.158387006721419     
   6.8891815009422466     
   5.4241177130771518     
   1.3951567849003152     
   12.089695123819435     
   14.392947288209584     
  0.78797767508637429     
   6.2479222070138141     
   13.784534827252807     
   3.1790158151960477     
   1.3357367259558781     
   6.6603764569289536     
   3.2286331855972192     
   3.7226660697322655     
   13.464023699824072     
   9.3128817172515479     
   4.6364098111612329     
   9.0398984093120571     
  0.83022159835236020     
   10.644726634900803     
   10.951641732110561     
   14.419547897452119     
   3.6544161836593845     
   1.8736300867721776     
   5.1587005513164845     
   9.0719851879424098     
   2.7377292312504120     
   10.433852661409601     
   7.8892037781133801     
   8.3246299720734829     
   13.778225591600361     
   12.713354015944974     
   14.893895842383477     
   4.6170710788940008     
   4.4399185125787906     
   14.194565342062932     
   7.2942207976196938E-002
